+168
+170
+172
+178
+189
+179
+183
+188
+183
+180
+182
+163
+170
+173
+155
+140
+143
+133
+114
+118
+117
+107
+82
+68
+67
+90
+109
+120
+157
+145
+180
+184
+132
-30
-153
-159
-4
+47
+143
+324
+486
+528
+556
+169
-30
-143
-183
-60
+31
+119
+264
+527
+548
+520
+301
+120
+20
+62
-10
-449
+261
+1904
+2868
+1460
-1569
-4128
-4743
-3049
+662
+5345
+9415
+10978
+7869
+1073
-5759
-11437
-12603
-9131
-2120
+5195
+13406
+19998
+20886
+12605
+375
-9224
-15970
-18392
-12364
-1556
+9294
+18580
+25704
+25668
+14888
-704
-12557
-16881
-18193
-14219
-3804
+7950
+17594
+22022
+23561
+18971
+6348
-7392
-14863
-15198
-14033
-10973
-3305
+6449
+14447
+17457
+17347
+14446
+7372
-3480
-10899
-12735
-11943
-9212
-7022
-2705
+3078
+7533
+10547
+10466
+8698
+6867
+2688
-2994
-7384
-10174
-9690
-8627
-8240
-6055
-1502
+5065
+10128
+13075
+12861
+11067
+7239
+1942
-4893
-10856
-13272
-11393
-8941
-6922
-3082
+1893
+6491
+10755
+12866
+11886
+9322
+4681
+403
-2833
-6024
-9120
-10860
-9483
-6745
-3572
-355
+2390
+4176
+4657
+5059
+4775
+3854
+2902
+2576
+1861
-217
-2623
-4472
-5894
-6821
-6777
-5263
-2920
-337
+2385
+4407
+5795
+5728
+4631
+2897
+431
-1620
-3061
-3521
-3724
-3674
-2824
-1603
-256
+985
+2144
+2743
+2168
+748
-825
-2153
-3155
-3639
-2953
-1480
+377
+1989
+3000
+3090
+2226
+689
-1212
-2563
-3378
-3782
-3197
-1626
+655
+2641
+4034
+4438
+3583
+1782
-371
-2528
-4132
-4722
-4219
-2696
-828
+1049
+2889
+4163
+4730
+4377
+2781
+505
-1920
-3885
-5003
-5142
-4226
-2264
+61
+2297
+3875
+4555
+4271
+2952
+1116
-596
-1563
-1929
-1923
-1676
-1285
-1188
-1121
-1222
-1463
-1327
-780
+39
+917
+1707
+2434
+2715
+2333
+1652
+887
-107
-1316
-1906
-1838
-1811
-1712
-1410
-807
-662
-985
-1027
-597
+474
+1379
+2155
+3615
+4211
+3411
+1397
-1121
-2909
-4670
-5799
-5027
-3100
-357
+1853
+3612
+5490
+6009
+4700
+2353
-274
-2100
-3766
-4866
-4557
-2897
-976
+722
+2056
+3244
+3810
+3178
+1689
+193
-1006
-1879
-2553
-2588
-2187
-1404
-547
+247
+1123
+1560
+1858
+1676
+876
-53
-1218
-2040
-2385
-2206
-1205
-198
+985
+2105
+2583
+2374
+1480
+439
-727
-2042
-2820
-2917
-2539
-1573
-138
+1238
+2320
+2901
+2776
+2165
+942
-350
-1444
-2354
-2471
-2052
-1290
-376
+471
+1290
+1765
+1737
+1621
+1356
+1072
+499
-341
-1148
-1845
-2308
-2611
-2478
-1813
-856
+342
+1414
+2329
+3005
+3022
+2416
+1368
+15
-1408
-2685
-3367
-3419
-2845
-1673
-58
+1669
+2929
+3423
+3036
+2046
+602
-871
-1800
-2051
-1788
-1396
-856
-370
-13
+289
+412
+585
+688
+696
+887
+1041
+937
+531
-130
-795
-1197
-1458
-1292
-999
-498
+4
+321
+285
-55
-378
-491
-387
-149
+233
+757
+1098
+1061
+614
-105
-912
-1635
-1925
-1729
-1127
-389
+331
+941
+1232
+1249
+1020
+498
+16
-415
-815
-993
-931
-701
-335
-7
+254
+471
+542
+490
+266
-107
-454
-698
-607
-236
+193
+487
+683
+752
+488
-197
-1018
-1363
-1228
-982
-586
+51
+875
+1749
+2125
+1953
+1390
+579
-489
-1555
-2277
-2409
-1966
-1146
-84
+1050
+2001
+2477
+2306
+1724
+803
-156
-784
-1212
-1323
-1005
-476
-45
+227
+452
+599
+461
+242
+246
+288
+355
+304
+535
+681
+388
-52
-432
-775
-1123
-1209
-999
-377
+559
+1120
+1519
+1764
+1416
+686
-161
-790
-980
-933
-688
-129
+472
+933
+754
+264
-18
-484
-1001
-1286
-1006
+190
+1126
+1447
+2106
+2330
+1565
+33
-1348
-1820
-2070
-2055
-1091
+315
+1548
+1901
+1613
+1348
+397
-799
-1619
-1749
-1169
-619
+238
+1064
+1497
+1446
+812
+51
-687
-1066
-1001
-662
-33
+747
+1112
+1107
+822
+254
-329
-882
-1090
-894
-502
+155
+719
+901
+971
+620
+230
-82
-373
-381
-201
+83
+325
+248
+233
+166
+83
-59
+19
+81
+123
-70
+5
-133
-471
-668
-730
-648
-593
-194
+504
+978
+1489
+1851
+1861
+1429
+531
-494
-1554
-2626
-3161
-2763
-1560
-54
+1578
+3039
+3935
+3803
+2514
+855
-748
-2070
-2885
-3075
-2386
-1314
-196
+987
+2089
+2802
+2768
+1946
+918
-180
-1305
-2037
-1987
-1272
-432
+255
+787
+1014
+763
+71
-560
-810
-597
-204
+203
+644
+1004
+1037
+636
+35
-501
-674
-868
-826
-510
+12
+533
+715
+708
+608
+229
-266
-663
-826
-806
-632
-107
+506
+1040
+1314
+1306
+982
+309
-439
-1156
-1381
-1288
-979
-355
+283
+882
+1156
+1147
+1021
+540
-103
-739
-1029
-898
-592
-133
+499
+951
+1022
+748
+197
-453
-950
-1136
-985
-568
+31
+772
+1327
+1450
+1267
+800
+195
-529
-1170
-1521
-1589
-1393
-1008
-477
+244
+998
+1583
+1791
+1649
+1291
+722
+101
-563
-1089
-1354
-1394
-1302
-1292
-1176
-815
-153
+608
+1313
+1995
+2358
+2157
+1486
+341
-863
-1793
-2187
-2048
-1515
-744
+339
+1402
+2119
+2082
+1672
+1046
+8
-1175
-1958
-2071
-1689
-1030
-94
+1097
+2053
+2345
+2116
+1549
+747
-398
-1506
-2074
-2012
-1560
-845
+167
+1216
+1964
+2081
+1609
+961
+8
-909
-1527
-1543
-1040
-303
+437
+1141
+1473
+1413
+1039
+409
-234
-778
-1003
-927
-572
-61
+504
+971
+1240
+1215
+796
+195
-273
-557
-739
-721
-588
-221
+221
+396
+569
+597
+528
+499
+461
+244
+105
+130
+277
+267
+26
-212
-334
-408
-514
-583
-301
+95
+449
+693
+855
+858
+756
+467
+110
-66
-152
-244
-276
-317
-285
-122
+46
+323
+614
+593
+533
+412
+93
-360
-640
-493
-159
+120
+595
+933
+1031
+768
+78
-400
-690
-844
-680
-252
+434
+1027
+1186
+1134
+827
+310
-320
-887
-1013
-801
-588
-222
+121
+603
+1048
+1182
+1288
+1327
+959
+311
-455
-1133
-1463
-1620
-1411
-747
+73
+1049
+1808
+2092
+2065
+1590
+840
-27
-945
-1324
-1316
-1059
-498
+187
+793
+1064
+1149
+1036
+651
+135
-396
-710
-644
-493
-256
+97
+477
+806
+894
+879
+822
+559
+153
-414
-890
-1062
-1042
-733
-157
+588
+1283
+1654
+1664
+1330
+787
+42
-830
-1353
-1489
-1193
-648
-42
+708
+1372
+1663
+1501
+1046
+525
-70
-667
-1054
-1121
-940
-677
-310
+199
+694
+1013
+1146
+1042
+745
+385
-26
-437
-727
-858
-748
-487
-164
+317
+676
+873
+995
+972
+768
+308
-196
-444
-582
-776
-756
-389
+130
+524
+665
+755
+939
+872
+553
+201
-139
-365
-577
-601
-369
-58
+181
+330
+454
+457
+292
+128
+92
+85
+11
-93
-49
+44
+26
+84
+185
+307
+276
+156
-18
-173
-289
-347
-236
+118
+462
+788
+988
+1029
+775
+237
-308
-682
-866
-866
-648
-135
+457
+787
+930
+988
+917
+606
+231
-186
-373
-301
-256
-77
+155
+313
+404
+342
+256
+106
-124
-123
+25
+190
+468
+712
+831
+793
+558
+175
-315
-631
-704
-589
-368
-13
+501
+997
+1195
+1257
+1060
+762
+292
-309
-757
-982
-911
-543
+37
+658
+1231
+1596
+1577
+1137
+359
-484
-1043
-1203
-1009
-514
+160
+903
+1515
+1754
+1452
+853
+246
-345
-836
-1098
-945
-377
+203
+782
+1052
+1112
+1060
+769
+419
+111
-166
-235
-208
-204
-238
-200
-16
+202
+364
+531
+814
+935
+865
+606
+315
+77
-263
-430
-388
-235
+27
+176
+436
+785
+871
+882
+708
+553
+386
+10
-260
-428
-447
-253
-80
+152
+472
+684
+925
+939
+745
+495
+107
-172
-356
-461
-338
-116
+232
+525
+696
+778
+693
+454
+234
+75
+19
+41
+107
+39
+65
+78
+35
+22
+134
+329
+492
+588
+693
+585
+377
+150
-41
-211
-346
-277
+18
+375
+622
+784
+887
+742
+448
+67
-136
-163
-293
-278
-93
+132
+352
+402
+600
+635
+527
+392
+275
+265
+184
+68
+45
+69
+112
+75
+83
+228
+394
+472
+429
+333
+228
-14
-253
-267
-149
+100
+314
+499
+701
+686
+403
+100
-168
-299
-452
-418
-227
+0
+223
+406
+653
+887
+903
+755
+489
+192
-217
-679
-947
-900
-635
-207
+262
+811
+1320
+1477
+1234
+844
+371
-144
-616
-879
-759
-415
-41
+323
+565
+747
+671
+413
+152
-111
-150
-138
-65
+65
+182
+282
+218
+40
-60
-29
+86
+157
+247
+413
+483
+417
+171
-71
-209
-411
-526
-413
-91
+259
+565
+882
+1054
+905
+578
+195
-105
-394
-657
-699
-434
-69
+216
+481
+762
+895
+781
+487
+314
+135
-142
-385
-489
-413
-288
-143
+110
+453
+729
+823
+774
+633
+408
+60
-305
-496
-546
-393
-165
+93
+404
+584
+754
+698
+429
+245
+52
-64
-193
-272
-148
+8
+141
+224
+251
+287
+313
+326
+303
+233
+97
+24
-35
-128
-101
+53
+316
+536
+543
+571
+426
+117
-222
-528
-596
-456
-202
+212
+556
+809
+971
+911
+678
+313
-29
-350
-606
-664
-561
-366
-61
+365
+655
+789
+821
+721
+487
+168
-131
-315
-452
-479
-406
-207
+33
+214
+452
+674
+747
+668
+400
+143
-114
-372
-520
-483
-252
+38
+330
+539
+638
+551
+342
+133
-75
-168
-166
-149
-72
-9
+82
+183
+211
+235
+213
+215
+227
+187
+146
+99
+199
+208
+177
+214
+156
+91
+10
-25
-23
-44
-10
+166
+354
+494
+455
+409
+352
+188
-44
-282
-292
-196
-108
+47
+284
+512
+596
+510
+400
+280
+37
-133
-168
-134
-14
+60
+210
+357
+406
+421
+354
+207
+71
+47
-1
-108
-182
-80
+68
+106
+179
+396
+568
+563
+358
+217
+148
+6
-61
-80
-41
-7
+36
+139
+156
+115
+140
+193
+300
+398
+460
+449
+330
+155
+4
-171
-292
-301
-164
+28
+193
+299
+392
+501
+529
+477
+432
+396
+297
+128
-82
-176
-238
-263
-204
-31
+282
+583
+775
+865
+752
+465
+68
-321
-543
-552
-341
+53
+454
+749
+925
+920
+679
+299
-50
-293
-416
-419
-233
+96
+394
+565
+648
+654
+590
+363
+98
-83
-188
-192
-169
-33
+183
+419
+578
+611
+549
+412
+140
-169
-373
-414
-277
+2
+330
+687
+871
+869
+683
+334
-17
-345
-550
-581
-424
-89
+277
+583
+815
+857
+781
+447
-8
-353
-505
-540
-392
-145
+207
+488
+587
+578
+453
+209
-41
-203
-184
-130
-39
+104
+254
+340
+294
+264
+243
+161
+97
+53
+22
+53
+25
+62
+100
+127
+197
+191
+193
+211
+156
+91
+46
+15
-23
-35
+82
+241
+372
+393
+383
+305
+75
-167
-278
-298
-205
-87
+105
+313
+448
+503
+500
+417
+265
+124
+8
-68
-109
-113
-117
-5
+141
+262
+355
+484
+569
+539
+369
+202
+100
-38
-122
-109
-12
+116
+200
+252
+304
+294
+259
+285
+308
+301
+319
+268
+207
+85
-34
-166
-285
-258
-118
+65
+260
+428
+514
+549
+479
+300
+77
-124
-177
-212
-220
-113
+64
+263
+383
+384
+347
+256
+118
+15
-50
-59
-24
+26
+111
+187
+163
+124
+123
+141
+146
+120
+122
+132
+54
+3
+14
-13
+97
+175
+191
+183
+81
+38
-23
-29
-4
+60
+215
+311
+297
+248
+202
+163
+62
-19
+20
+37
+45
+74
+82
+29
+17
+97
+183
+209
+251
+312
+338
+241
+87
+58
+60
+14
-22
-2
+50
+79
+92
+169
+248
+262
+298
+328
+280
+186
+100
+124
+41
-50
+10
+98
+136
+164
+240
+315
+358
+355
+316
+275
+211
+137
+118
+117
+159
+171
+126
+154
+102
+58
+93
+122
+213
+342
+414
+434
+404
+333
+234
+108
-16
-3
+130
+216
+248
+296
+316
+281
+174
+133
+134
+185
+263
+318
+363
+354
+322
+303
+266
+235
+197
+156
+143
+118
+123
+152
+133
+134
+231
+293
+356
+382
+449
+425
+267
+149
+51
-10
+15
+58
+185
+347
+540
+614
+551
+518
+425
+303
+165
+31
+19
+54
+89
+177
+285
+374
+433
+435
+469
+494
+451
+432
+404
+349
+209
+43
-58
-65
-47
+17
+178
+395
+543
+593
+592
+554
+465
+228
+33
+35
+24
-27
+30
+181
+350
+402
+432
+498
+550
+498
+383
+286
+174
+76
+26
-23
+54
+229
+377
+482
+512
+497
+432
+246
+43
-83
-72
+15
+127
+292
+450
+522
+448
+367
+267
+162
+65
+44
+100
+179
+258
+352
+425
+416
+353
+271
+136
+34
-39
-36
+9
+113
+247
+370
+415
+403
+320
+249
+146
+10
-40
+21
+86
+144
+254
+366
+434
+401
+298
+186
+52
-92
-141
-37
+140
+306
+438
+520
+470
+332
+125
-29
-131
-229
-213
-80
+102
+276
+430
+578
+606
+443
+248
+92
-91
-218
-224
-107
+88
+182
+252
+338
+318
+269
+202
+120
+124
+150
+122
+121
+154
+133
+58
+49
+138
+173
+212
+279
+324
+348
+263
+186
+169
+145
+76
+53
+108
+138
+198
+216
+264
+288
+274
+262
+295
+310
+286
+171
+105
+70
+31
+9
+35
+72
+162
+236
+264
+334
+332
+317
+309
+248
+203
+160
+147
+149
+129
+97
+89
+106
+113
+112
+131
+190
+286
+414
+513
+538
+485
+348
+126
-92
-222
-256
-152
+75
+376
+640
+735
+711
+575
+331
+96
-113
-202
-148
-82
+46
+188
+269
+322
+302
+228
+172
+114
+87
+88
+81
+93
+135
+166
+128
+79
+94
+154
+202
+231
+227
+195
+171
+82
-8
+13
+42
+87
+135
+219
+256
+186
+121
+55
-33
-98
-65
+20
+80
+134
+212
+282
+300
+280
+238
+190
+133
+32
-7
-7
+8
+31
+34
+71
+149
+201
+268
+312
+329
+326
+284
+195
+92
-4
-47
-39
-8
+82
+159
+270
+356
+389
+400
+348
+252
+128
+25
+4
+15
+33
+96
+201
+308
+365
+378
+380
+334
+228
+140
+73
+14
-23
-4
+61
+199
+296
+367
+414
+404
+343
+202
+97
+20
-41
-43
+74
+194
+302
+389
+407
+330
+186
+45
-49
-109
-62
+49
+182
+323
+397
+461
+420
+292
+182
+61
-4
-68
-60
+23
+167
+298
+375
+396
+345
+204
+54
-103
-210
-173
-62
+44
+202
+367
+460
+452
+344
+218
+121
-16
-90
-58
-11
+42
+70
+144
+214
+229
+256
+279
+251
+171
+98
+71
+67
+53
+57
+96
+153
+190
+206
+201
+213
+199
+150
+99
+37
+49
+90
+157
+235
+276
+311
+281
+260
+225
+177
+102
+103
+136
+202
+245
+239
+202
+165
+99
+35
-27
-49
+28
+159
+246
+325
+363
+380
+298
+139
-15
-92
-135
-138
-49
+103
+253
+351
+380
+380
+294
+172
+51
-28
-56
-39
+1
+50
+92
+124
+170
+228
+230
+184
+172
+139
+88
+4
-34
-4
+76
+151
+229
+341
+413
+371
+287
+223
+152
+95
+68
+74
+129
+165
+238
+264
+264
+241
+181
+147
+107
+81
+65
+102
+144
+136
+128
+142
+175
+159
+116
+133
+125
+128
+128
+177
+231
+228
+210
+196
+165
+96
+18
-1
+56
+108
+185
+279
+336
+346
+311
+238
+146
+67
-29
-112
-125
-57
+57
+150
+269
+376
+391
+378
+308
+243
+151
+27
-25
-64
-55
-31
+18
+117
+228
+337
+395
+337
+229
+131
+64
-20
-130
-109
-26
+53
+113
+196
+282
+334
+288
+165
+63
-58
-119
-130
-59
+73
+220
+347
+441
+437
+385
+256
+114
-15
-116
-108
-64
+36
+159
+250
+354
+352
+317
+269
+208
+129
+43
+39
+34
+80
+151
+233
+319
+358
+368
+355
+303
+206
+130
+99
+82
+38
+34
+127
+234
+293
+292
+328
+344
+311
+248
+171
+90
+53
+15
+40
+126
