+85
+68
+62
+52
+83
+103
+138
+105
+68
+33
+31
+32
+52
+88
+95
+115
+126
+92
+60
+35
+60
+67
+58
+54
+69
+87
+92
+51
+48
+40
+45
+27
-24
-88
-105
-52
+10
-13
+23
+153
+203
+183
+255
+106
+78
+81
+48
+143
+161
+182
+220
+337
+315
+284
+185
+118
+102
+45
+39
-121
+1310
+1665
-2151
-3288
+1686
+5778
+224
-4765
-193
+5820
+1430
-5891
-2069
+5761
+3659
-4767
-4260
+4142
+7798
+457
-6930
-2148
+5152
+3694
-4007
-4463
+2679
+6109
+1373
-4984
-3737
+2720
+6727
+1828
-6550
-5162
+3544
+8426
+1386
-6999
-4248
+4652
+8112
+1381
-7167
-5674
+2702
+8348
+3969
-3731
-5597
-27
+5172
+4176
-579
-3743
-2654
-429
+1409
+1956
+3219
+3675
+1048
-2133
-3770
-4231
-3791
-3122
-2153
+504
+6198
+13490
+15638
+8365
-3626
-10103
-10421
-10189
-9808
-6318
+1268
+10248
+16010
+16959
+13884
+8746
+1381
-6700
-11395
-11782
-9000
-4638
-1312
-235
+1377
+2845
+3695
+4825
+6041
+7135
+7812
+6005
+3200
-17
-2060
-4277
-7764
-10829
-10714
-6875
-1738
+1701
+3028
+3894
+5224
+6371
+7058
+6962
+4935
+1438
-739
-1182
-1013
-1625
-3043
-4307
-4880
-4692
-4094
-2584
-453
+1412
+2350
+2652
+3256
+3275
+2425
+542
-968
-1648
-1726
-1552
-1569
-1200
-327
+446
+597
+499
+934
+1381
+1274
+443
-814
-1747
-2282
-2248
-1866
-1172
-254
+762
+1672
+2149
+2214
+1613
+461
-1062
-2081
-2055
-1307
-73
+887
+894
+566
+307
+26
-458
-766
-564
-121
+599
+1554
+2265
+2166
+954
-289
-555
-1005
-1918
-2255
-2062
-1865
-1622
-1139
-207
+727
+1676
+2782
+3752
+3599
+2519
+1638
+708
-764
-2385
-3572
-3313
-2258
-1996
-1759
-762
+792
+1634
+1113
+495
+1096
+1922
+1680
+884
+516
+828
+1413
+1023
+81
-1080
-1770
-1683
-1699
-2117
-2421
-2095
-485
+1137
+1636
+1656
+1579
+2296
+2782
+1699
+124
-1065
-1557
-1537
-1633
-1324
-571
+561
+1453
+1857
+1932
+1313
+208
-827
-1961
-2394
-1941
-1290
+38
+1266
+2010
+2022
+1738
+1371
+516
-310
-803
-650
-258
-294
-323
+6
+189
+126
-450
-519
-248
+195
+417
+205
+249
+421
-72
-456
-574
-567
-414
-254
+0
+479
+1194
+1668
+1309
+215
-692
-876
-794
-1227
-1637
-1240
-200
+823
+1053
+766
+616
+745
+597
+252
-324
-466
-318
-128
-58
-124
+40
+388
+698
+708
+531
+434
+195
-38
-198
-363
-667
-893
-800
-499
-220
-196
+167
+871
+1455
+1418
+704
+155
+184
+189
-279
-868
-1112
-888
-622
-391
+1
+217
+363
+724
+1375
+1926
+1912
+1323
+643
+8
-745
-1480
-2182
-2460
-2019
-1128
-59
+827
+1690
+2487
+2901
+2612
+1797
+936
+127
-780
-1499
-1700
-1152
-356
+102
+276
+490
+853
+744
+31
-630
-493
+126
+374
+324
+266
+501
+631
+258
-73
-114
-105
-269
-364
-114
+212
+317
+352
+660
+1015
+971
+587
+201
-110
-322
-292
-294
-444
-520
-309
+37
+211
+66
-56
+262
+761
+944
+804
+653
+601
+365
-1
-425
-794
-954
-861
-299
+397
+579
+732
+1145
+1398
+926
+161
-57
+40
-129
-558
-477
+14
+38
-260
-150
+254
+512
+507
+339
+645
+1079
+700
+115
+203
+467
+60
-689
-703
-12
+178
-193
-112
+610
+1183
+943
+458
+472
+835
+610
-556
-1070
-420
-260
-704
-719
+88
+492
+129
+270
+670
+853
+553
+358
+580
+702
+548
+452
+276
+210
+303
-106
-588
-534
-404
-543
-613
-615
-128
+292
+496
+483
+333
+351
+649
+766
+557
+234
+584
+1049
+965
+567
+245
+68
+249
+54
-164
-258
-241
-122
-203
-171
-217
-401
-424
-564
-92
+265
+467
+839
+1192
+1368
+1464
+1133
+450
-285
-523
-679
-661
-531
-121
+403
+616
+450
+275
-95
-685
-656
-372
-273
-162
+253
+951
+1130
+849
+573
+593
+305
-5
-73
+253
+628
+827
+875
+692
+159
-401
-1075
-1323
-1448
-1283
-792
+112
+888
+1392
+1510
+1454
+1132
+769
+118
-434
-500
-312
+220
+347
+39
-10
+53
+583
+815
+435
+220
+136
+256
+178
-282
-664
-750
-541
-326
-247
+161
+616
+1144
+1502
+1277
+840
+436
+452
+694
+564
+103
-422
-459
-500
-837
-1349
-1559
-1132
-134
+822
+1293
+1476
+1668
+1470
+896
+23
-570
-646
-366
-88
+138
+220
+220
+172
+70
-312
-374
+13
+582
+869
+813
+756
+570
+144
-335
-596
-339
-28
+191
+389
+555
+615
+497
+316
+112
-81
-154
-135
-43
+117
+310
+649
+880
+770
+442
-45
-297
-403
-620
-917
-812
-186
+498
+850
+987
+1130
+1202
+945
+564
+320
+83
-148
-352
-443
-646
-952
-865
-537
-324
-317
-47
+588
+1121
+998
+724
+934
+1114
+662
+31
-39
+182
-139
-788
-991
-548
-229
-201
-158
+272
+772
+670
+174
-9
+103
-79
-489
-429
+295
+781
+651
+590
+768
+831
+399
-80
-242
-199
-237
-351
-269
-89
+157
+433
+480
+280
-13
+40
+420
+487
-37
-405
-155
+348
+423
+73
-49
+408
+843
+652
+171
+136
+543
+750
+432
+259
+299
+262
-87
-522
-685
-621
-532
-287
+93
+586
+1072
+1297
+1150
+851
+651
+546
+262
-117
-327
-143
+142
+194
+263
+204
+97
+63
-82
-332
-446
-290
+181
+513
+623
+742
+1032
+1238
+1188
+889
+409
+103
+14
-244
-663
-796
-582
-98
+269
+346
+414
+738
+833
+581
+331
+237
+174
-75
-211
+120
+560
+618
+387
+282
+405
+476
+271
-86
-212
+119
+636
+603
+110
-57
+256
+457
-181
-811
-363
+481
+765
+501
+245
+553
+1106
+939
+206
-304
-209
+57
-146
-531
-464
+63
+506
+696
+641
+504
+375
+341
+141
-207
-324
-180
+151
+396
+118
-249
-272
-134
-109
-317
-256
+146
+606
+1053
+1148
+1165
+1027
+629
+240
-49
-356
-512
-577
-501
-261
+46
+114
-1
-88
-128
+110
+269
+235
+349
+653
+955
+949
+554
+359
+358
+245
+33
-168
-155
-45
-49
-280
-516
-334
+4
+200
+350
+574
+910
+981
+620
+148
-153
-271
-346
-270
+47
+501
+765
+895
+714
+161
-319
-468
-295
-211
-344
-129
+482
+905
+803
+406
+182
+101
-40
-210
-352
-358
-265
-7
+266
+350
+216
+246
+542
+724
+421
-61
-190
+0
-16
-389
-571
-274
+251
+553
+454
+352
+397
+377
+138
-116
-98
+53
+71
+24
+31
+47
+25
-57
-170
-256
-159
+139
+295
+250
+394
+743
+741
+309
-192
-306
-100
-148
-437
-475
-127
+274
+321
+98
+111
+284
+406
+234
+122
+119
+249
+318
+147
-67
-80
-32
-96
-115
+37
+212
+342
+392
+442
+355
+280
+225
+205
+111
-66
-193
-209
-302
-466
-500
-281
-106
+37
+148
+426
+787
+904
+902
+698
+335
+117
+155
+82
-280
-508
-267
+230
+262
-56
-227
-18
+302
+155
-298
-346
+199
+545
+320
+59
+87
+382
+404
+176
+76
+120
+317
+352
+200
+41
+153
+224
+78
-98
+65
+276
+194
+20
+31
+245
+287
+99
+5
+91
+323
+244
-10
-91
+56
+231
+241
+242
+414
+664
+805
+577
+152
-58
+8
-87
-443
-567
-148
+310
+354
+205
+275
+513
+393
-72
-376
-274
+53
+140
+114
+206
+445
+643
+563
+324
+9
-135
+0
+203
+134
-75
-36
+232
+350
+163
-142
-170
-36
+58
+138
+150
+167
+266
+309
+189
-22
-173
-98
+90
+161
+144
+163
+272
+304
+167
-13
-77
+6
+134
+199
+313
+392
+374
+212
+137
+97
-16
-237
-402
-270
+52
+166
+188
+210
+308
+311
+236
+170
+163
+84
-78
-73
+57
+103
+52
-25
+2
+101
+103
+135
+129
+89
+118
+130
+175
+164
+1
-160
-160
-77
-69
-70
-35
+20
+176
+269
+327
+434
+468
+434
+395
+404
+360
+121
-38
-134
-170
-114
-97
-134
-217
-97
+93
+139
+15
-3
+274
+470
+466
+352
+321
+372
+332
+111
-244
-372
-239
-98
-163
-343
-181
+172
+274
+157
+147
+259
+217
+37
-44
+6
+9
-111
-202
-54
+126
+123
+13
-33
+178
+371
+369
+194
+40
+23
+53
+91
-69
-146
-84
+52
+233
+235
+89
-157
-279
-159
-73
-87
-109
-40
+99
+99
+68
+127
+156
+101
+22
+27
+132
+259
+274
+89
-122
-62
+110
+105
-242
-499
-323
+114
+348
+134
+0
+156
+474
+414
+39
-201
-131
+109
+154
-86
-316
-192
+68
+180
+35
-71
+66
+304
+309
+164
+68
+53
-62
-232
-169
+74
+193
+75
-52
+84
+277
+137
-71
-106
+63
+147
-86
-203
-83
+144
+80
-93
-10
+187
+374
+210
-40
+19
+136
+129
-21
-46
+61
+115
+58
-67
-145
-5
+95
-141
-428
-380
+31
+253
+179
+71
+177
+410
+450
+186
-61
-106
-15
-36
-231
-371
-244
+111
+393
+298
-15
-75
+215
+337
-38
-440
-298
+147
+291
+110
-2
+164
+381
+382
+259
+156
+127
+212
+299
+173
+16
+11
+87
+60
-108
-125
+97
+168
+8
-143
-23
+166
+159
+9
-32
+93
+223
+279
+253
+225
+244
+248
+217
+51
-29
-84
-24
+67
+67
+111
+254
+336
+301
+124
-33
-55
-29
-6
-43
-39
+118
+228
+199
+143
+272
+504
+445
+63
-79
+188
+482
+384
+49
-53
+229
+443
+274
-101
-232
-87
+131
+101
-66
-32
+289
+578
+441
+115
+19
+102
+142
-1
-85
+7
+219
+326
+275
+228
+273
+309
+339
+324
+288
+226
+128
+58
-74
-129
-73
-14
+144
+316
+485
+510
+443
+411
+299
+74
-149
-285
-197
-36
+61
+51
+139
+371
+449
+298
+178
+257
+311
+240
+247
+262
+229
+131
+185
+297
+209
-86
-222
-43
+124
+67
-7
+171
+463
+532
+437
+395
+531
+523
+329
+140
+162
+256
+288
+282
+268
+236
+212
+147
+95
+93
+97
+83
+96
+120
+235
+317
+359
+395
+296
+231
+267
+293
+220
+153
+239
+420
+481
+441
+388
+370
+410
+340
+145
-11
-61
-91
-97
+2
+220
+434
+491
+505
+447
+294
+168
+169
+206
+272
+337
+451
+613
+591
+454
+323
+184
+98
-74
-218
-105
+187
+325
+245
+213
+391
+580
+503
+229
+73
+70
+155
+141
+54
+94
+292
+518
+617
+517
+442
+515
+564
+376
+13
-88
+211
+392
+228
+56
+265
+551
+485
+207
+47
+111
+220
+203
+106
+119
+226
+350
+427
+435
+382
+323
+336
+382
+339
+238
+56
+31
+168
+314
+248
+215
+397
+562
+389
+13
-63
+173
+260
+75
-92
+58
+321
+370
+256
+199
+270
+315
+215
+89
+70
+150
+172
+129
+170
+306
+441
+488
+377
+206
+139
+133
+85
+68
+129
+265
+337
+331
+284
+285
+334
+340
+253
+204
+273
+420
+480
+424
+357
+279
+218
+140
+81
+79
+25
+67
+173
+304
+427
+430
+377
+316
+272
+175
+104
+128
+198
+225
+141
+245
+486
+534
+276
+45
+185
+487
+490
+168
-21
+195
+537
+611
+379
+178
+219
+350
+313
+151
+26
+105
+305
+505
+445
+230
+171
+305
+364
+181
-29
+25
+270
+405
+253
+154
+270
+422
+352
+118
-1
+141
+255
+173
+133
+253
+460
+498
+332
+185
+159
+111
-42
-135
-14
+245
+383
+394
+375
+420
+436
+273
+92
+34
+103
+126
+56
+39
+151
+333
+432
+427
+382
+358
+408
+397
+235
+25
-16
+35
+32
-17
+49
+239
+334
+329
+371
+412
+418
+330
+277
+361
+431
+354
+214
+172
+207
+172
+10
-65
+34
+266
+302
+160
+137
+391
+567
+418
+157
+138
+383
+418
+201
+142
+282
+405
+350
+261
+301
+266
+77
-39
+40
+138
+128
+189
+336
+466
+469
+381
+357
+391
+334
+171
+109
+282
+456
+421
+303
+345
+459
+374
+116
-39
+4
+89
+21
-4
+116
+343
+532
+480
+351
+331
+345
+240
-17
-203
-163
+7
+38
-3
+61
+259
+459
+424
+316
+293
+293
+328
+265
+89
-66
-50
+60
+107
+110
+144
+206
+344
+448
+471
+359
+214
+110
+98
+64
+4
-28
-13
+136
+337
+360
+362
+365
+430
+446
+380
+239
+116
+47
+52
+23
+50
+148
+229
+254
+279
+346
+301
+145
+28
+1
+50
+133
+167
+124
+112
+219
+323
+252
+183
+237
+273
+268
+331
+380
+314
+173
+133
+209
+262
+236
+188
+212
+173
+148
+128
+135
+78
-9
+37
+217
+357
+339
+226
+221
+344
+438
+409
+291
+219
+231
+290
+332
+268
+214
+259
+322
+239
+138
+212
+345
+420
+386
+277
+238
+281
+298
+222
+49
-6
+116
+237
+328
+353
+332
+358
+456
+430
+279
+153
+156
+142
+67
+59
+153
+290
+409
+501
+458
+317
+161
+188
+213
+116
-13
-29
+116
+272
+343
+313
+203
+200
+220
+217
+185
+184
+267
+332
+297
+194
+169
+178
+137
-4
-61
+25
+103
+110
+79
+162
+303
+285
+135
+31
+75
+183
+245
+154
+83
+91
+199
+295
+265
+204
+183
+216
+281
+257
+168
+97
+123
+124
+86
+68
+79
+94
+77
+104
+110
+91
+44
+90
+168
+204
+198
+202
+268
+283
+194
+67
+51
+93
+104
+20
-45
+14
+196
+294
+223
+157
+180
+207
+179
+92
+27
+42
+93
+63
+62
+126
+151
+78
+74
+82
+42
+9
+35
+138
+204
+167
+88
+18
+63
+135
+145
+93
+75
+29
+15
+32
+85
+35
-40
-25
+73
+126
+65
-44
-62
+0
+55
+66
+50
+79
+85
+92
+98
+52
-4
-10
+0
-35
-56
-53
-27
-11
+23
+49
+12
-16
+32
+64
+65
+49
+13
+5
-2
-10
-19
-17
-50
-53
-41
-3
+24
-4
+18
+44
+29
-23
-85
-63
-68
-72
-49
+19
+53
+77
+85
+56
+57
+116
+81
-18
-111
-107
+45
+172
+178
+90
+32
+87
+128
+7
-156
-162
-86
+18
+7
-15
+24
+179
+243
+54
-161
-107
+59
+101
-42
-128
-21
+112
+115
+57
+41
+95
+131
+80
+15
+19
+38
+6
+23
+47
+120
+168
+185
+137
+63
+16
-18
-7
-6
+24
+40
+56
+161
+205
+130
+33
+31
+88
+138
+91
+34
+40
+149
+136
-5
-91
+2
+95
+55
-11
-12
+75
+153
+169
+183
+205
+214
+143
+44
-1
-50
-98
-94
-64
-18
+59
+141
+202
+225
+196
+107
+41
-12
-28
-89
-90
+2
+110
+121
+90
+85
+146
+142
+45
-61
-55
+94
+132
+45
-16
+79
+267
+255
+101
+41
+115
+131
+36
-49
-50
+59
+161
+179
+118
+53
+57
+60
-10
-110
-91
+46
+184
+238
+213
+187
+183
+124
+47
+4
-22
-53
-22
+49
+177
+237
+155
+62
+66
+141
+149
+59
-21
-29
+49
+104
+76
+58
+70
+88
+104
+90
+118
+193
+273
+289
+182
+78
+45
+50
+36
-8
-9
+69
+152
+203
+223
+227
+284
+285
+166
+61
+49
+115
+163
+137
+171
+238
+286
+181
+50
+21
+122
+245
+254
+230
+290
+341
+314
+213
+45
-31
-30
+62
+120
+126
+152
+239
+330
+300
+179
+102
+141
+201
+208
+170
+153
+148
+195
+176
+90
+19
+62
+179
+217
+126
+134
+247
+356
+357
+230
+153
+181
+212
+233
+208
+197
+202
+225
+213
+180
+124
+175
+252
+266
+230
+239
+273
+283
+219
+133
+74
+119
+210
+247
+236
+218
+283
+281
+199
+148
+160
+151
+130
+105
+160
+292
+350
+383
+350
+309
+291
+263
+194
+129
+148
+176
+159
+131
+107
