+151
+154
+160
+175
+188
+229
+266
+271
+235
+207
+191
+189
+205
+201
+184
+185
+211
+242
+225
+187
+197
+205
+188
+164
+144
+152
+178
+188
+160
+168
+172
+152
+94
+116
+59
+38
+95
+181
+198
+233
+273
+324
+312
+342
+234
+152
+136
+125
+135
+142
+189
+270
+309
+306
+368
+365
+375
+354
+288
+183
-104
+810
+1927
-1235
-3441
+701
+5459
+824
-4483
+164
+6168
+2057
-6022
-3117
+5384
+5248
-3513
-4807
+3289
+7659
+636
-6330
-1220
+5905
+4046
-4417
-5980
+1844
+7927
+3403
-4884
-4008
+3329
+6559
+260
-6217
-3394
+4236
+7109
+1313
-6199
-4466
+3004
+7124
+2212
-5494
-5147
+2277
+7139
+3874
-2903
-5723
-1774
+4273
+6028
+2072
-3846
-4456
-883
+2340
+1563
+986
+2198
+1925
-1035
-2679
-2025
-2390
-4392
-4094
+1219
+7906
+12255
+11808
+8135
+1049
-7182
-12307
-12856
-8915
-3480
+1022
+6273
+13139
+19122
+18244
+10094
-989
-7978
-10144
-10987
-10911
-7323
-1185
+2691
+3785
+2653
+3316
+7154
+9720
+7305
+3349
+1027
+1617
+2132
-159
-5126
-9236
-9321
-6400
-4022
-3453
-2637
+172
+4236
+7105
+8321
+8078
+8571
+7180
+2457
-2042
-2872
-2128
-3217
-5523
-6467
-4147
-1652
-1246
-1491
-21
+2051
+3154
+2944
+2678
+2159
+732
-402
-1288
-1930
-1152
+503
+1044
+171
-335
+629
+732
-1086
-2270
-900
+606
+493
-606
-1107
+915
+1238
-486
-1469
-883
+1693
+2618
+817
-818
-1452
-1569
-2076
-2632
-1509
+597
+1850
+2101
+2207
+2224
+1556
+422
-1189
-1611
-1290
-931
-652
-21
+910
+1125
+727
+901
+1461
+869
-1246
-3329
-3529
-2900
-2141
-1193
+1247
+4019
+5439
+5026
+3530
+1952
+209
-1523
-2512
-2838
-2399
-1709
-1210
-960
-1169
-1072
-1231
-705
+577
+2270
+3571
+3692
+3042
+2327
+1493
+494
-690
-1777
-2505
-2676
-2553
-2562
-2172
-1526
-457
+146
+566
+1540
+2830
+3803
+3648
+2498
+1045
-242
-1229
-2237
-3136
-3243
-2544
-1295
+9
+1299
+2343
+2477
+1759
+969
+385
-289
-1278
-2158
-2392
-1940
-1152
-339
+505
+1628
+2670
+3030
+2675
+1571
+197
-1002
-1882
-2311
-2259
-1791
-912
+236
+1181
+1516
+1091
+394
+66
-170
-442
-732
-907
-441
+402
+1185
+1360
+1098
+769
+314
-307
-965
-1411
-1590
-1596
-1078
+260
+1394
+1558
+1556
+2177
+2476
+1302
-444
-1332
-1292
-1887
-3130
-3087
-1374
+329
+878
+1026
+2017
+3251
+3266
+2085
+784
+250
-111
-951
-1967
-2260
-1424
-428
+152
+151
-138
+174
+980
+1005
+85
-573
+41
+1182
+1067
-18
-699
-320
+143
-154
-713
-707
+122
+864
+1186
+1100
+746
+351
+19
-256
-452
-683
-1009
-1338
-1280
-629
+128
+391
+347
+256
+559
+1048
+980
+266
-423
-462
+195
+486
+264
+327
+874
+869
-144
-1255
-1743
-1598
-1399
-1399
-981
+164
+1482
+2368
+2353
+1750
+1022
+427
-134
-873
-1436
-1495
-1093
-775
-641
-493
+9
+672
+1085
+1142
+954
+720
+378
+72
-523
-1125
-1301
-1047
-388
+271
+460
+467
+688
+772
+301
-174
+96
+706
+470
-90
-7
+403
-119
-1245
-1389
-491
+20
-580
-569
+529
+1385
+1160
+467
+452
+726
+394
-297
-495
-210
-247
-810
-1242
-800
+186
+314
+36
+504
+1129
+1491
+873
+115
+195
+743
+739
-300
-1216
-862
-272
-559
-1361
-1315
-340
+631
+1048
+889
+999
+1075
+615
+229
+51
-218
-632
-760
-577
-626
-578
-446
+89
+779
+973
+1184
+1123
+738
+416
-270
-764
-1356
-1241
-244
+362
+132
+38
+455
+828
+433
-271
-374
+21
-99
-449
-591
-342
+434
+620
+279
+155
+375
+895
+695
-405
-1140
-605
+270
+130
-415
-298
+779
+1524
+742
-368
-666
-273
-85
-840
-1239
-690
+262
+954
+902
+695
+862
+941
+653
+86
-440
-602
-428
-52
+189
+185
+40
-272
-478
-536
-631
-864
-821
-11
+792
+838
+627
+677
+897
+824
+50
-499
-357
-155
-54
+77
+306
+365
+180
+249
+298
-33
-604
-717
-314
-247
-325
-115
+236
+324
+367
+366
+433
+362
+168
+206
+376
+456
+282
+209
+254
+312
+39
-178
-123
-108
-231
-373
-299
+44
+243
-31
-95
+220
+549
+373
+155
+357
+535
+523
+316
+115
-107
-234
-201
-186
-184
-260
-178
+227
+459
+334
+54
-21
+150
+267
+88
+66
+399
+627
+479
+92
-30
+82
-18
-388
-525
-195
+198
+389
+432
+571
+703
+622
+279
-57
-368
-452
-409
-297
-12
+288
+466
+472
+336
+136
-114
-254
-156
-58
+16
+71
+268
+513
+569
+478
+339
+350
+388
+187
-123
-314
-330
-322
-310
-88
+177
+358
+498
+437
+410
+343
+195
+35
+205
+527
+620
+498
+276
+101
-158
-466
-713
-751
-484
-19
+550
+904
+1122
+1224
+1135
+709
+199
-175
-376
-552
-725
-516
-125
+15
+65
+165
+382
+449
+359
+290
+178
+141
+162
+256
+428
+523
+544
+529
+451
+299
+141
-124
-357
-319
+25
-24
-277
-119
+378
+597
+115
-188
+345
+947
+870
+427
+474
+787
+583
-142
-576
-344
+29
-86
-278
+62
+510
+592
+264
+128
+290
+281
+76
-12
+232
+316
+152
+57
+196
+325
+169
-16
+237
+562
+400
+63
+202
+670
+644
+129
-158
-30
+81
-22
-244
-232
+55
+239
+255
+91
+44
+211
+504
+627
+536
+601
+906
+942
+482
-80
-236
-164
-177
-289
-295
-54
+167
+137
+66
+312
+727
+853
+654
+497
+507
+298
-276
-685
-636
-177
+330
+660
+949
+1172
+1243
+991
+449
-109
-412
-584
-616
-518
-198
+233
+388
+531
+749
+920
+587
+111
+87
+231
+72
-364
-442
+129
+669
+642
+324
+258
+558
+792
+406
-177
-196
+132
+144
-121
-101
+307
+641
+619
+440
+306
+203
-4
-174
-325
-259
-115
+187
+484
+642
+636
+558
+630
+653
+442
+26
+21
+335
+494
+137
-273
-172
+107
-12
-356
-485
-306
-75
-7
+120
+398
+709
+953
+1034
+782
+353
+149
+21
-2
-144
-275
-347
-192
+161
+428
+320
-119
-246
+83
+540
+609
+175
-164
-74
+103
+107
-31
-113
-6
+332
+599
+465
+152
-15
-107
-101
+39
+181
+189
+376
+654
+524
+45
-415
-364
-10
+30
-133
-94
+342
+717
+482
-219
-505
-348
-1
+277
+308
+284
+298
+569
+784
+599
+130
-97
+121
+378
+295
-39
-148
+50
+76
-256
-367
+78
+597
+512
+173
+223
+513
+644
+283
-30
+127
+387
+267
-112
-239
+31
+347
+222
+3
+290
+891
+1142
+776
+274
+30
-141
-382
-513
-456
-339
-124
+160
+436
+584
+578
+459
+247
+193
+427
+610
+613
+626
+550
+366
+141
-43
-112
-326
-620
-571
-178
+199
+430
+513
+669
+946
+950
+591
+183
-79
-116
-254
-395
-317
+1
+361
+517
+509
+495
+515
+369
+204
+81
+18
+47
+106
+114
+184
+225
+311
+352
+322
+282
+285
+391
+322
+60
-85
-33
+142
+185
+64
+64
+230
+456
+518
+375
+250
+309
+341
+337
+186
+112
+194
+206
+90
+85
+167
+235
+273
+265
+279
+150
+4
+164
+371
+211
-168
-333
-96
+284
+339
+275
+319
+510
+632
+553
+214
-48
-112
+50
+243
+205
+240
+388
+522
+380
+230
+134
+112
-8
-147
-149
-8
+44
+57
+201
+503
+755
+573
+261
+194
+283
+125
-242
-360
-172
+128
+358
+405
+461
+523
+529
+558
+438
+126
-267
-377
-218
-45
-77
-165
+32
+398
+588
+518
+446
+564
+579
+371
+228
+144
+108
+69
+121
+246
+183
+1
+15
+147
+284
+202
+124
+76
+102
+197
+324
+307
+153
+109
+260
+380
+388
+298
+255
+193
+71
+55
+258
+476
+473
+360
+282
+296
+275
+25
-298
-344
-85
+35
+28
-4
+228
+541
+421
+145
+6
+61
+106
+21
+114
+358
+479
+362
+266
+353
+391
+151
-169
-253
-6
+209
+111
-75
-28
+185
+222
+131
+86
+72
+106
+138
+194
+209
+146
+164
+345
+451
+303
+106
+66
+136
+142
+15
-73
-90
-111
-51
+121
+106
-44
-40
+120
+180
+189
+359
+388
+118
-212
-145
+101
+63
-251
-174
+306
+664
+576
+214
+60
+142
+95
-177
-387
-285
+47
+195
+31
-87
+70
+374
+413
+187
+33
+123
+223
+129
-167
-271
-164
-2
+17
+59
+94
+193
+297
+299
+284
+166
+20
-52
-52
-80
-143
-259
-161
+66
+159
+90
+20
+128
+236
+309
+264
+160
+144
+85
-49
-113
-102
-42
-45
-56
+95
+240
+347
+188
+31
+32
+75
+25
-8
-9
+94
+202
+193
+98
+70
+222
+297
+181
+41
+89
+212
+99
-230
-344
-138
+31
-52
-36
+282
+574
+526
+307
+264
+325
+222
-38
-225
-153
-16
+11
-53
-15
+144
+368
+473
+389
+335
+288
+230
+3
-230
-336
-228
-56
-11
-99
-56
+202
+420
+298
+102
+130
+260
+288
+100
-105
+21
+305
+330
+101
-18
+69
+154
+1
-249
-255
-69
+97
+108
+27
+164
+399
+446
+221
+48
+114
+259
+232
+172
+123
+98
+75
-14
-123
-194
-125
-141
-85
+50
+230
+369
+394
+309
+200
+230
+242
+87
+94
+64
-92
-190
-134
-1
+0
-26
-23
+153
+409
+529
+359
+148
+192
+338
+275
-2
-197
-42
+208
+69
-270
-391
-189
+82
+147
+246
+320
+389
+583
+658
+415
-3
-227
-131
-112
-217
-259
+38
+393
+403
+306
+277
+376
+416
+225
+10
-58
-34
-62
-124
-92
+31
+143
+185
+193
+266
+313
+327
+248
+110
+42
+84
+184
+219
+108
-38
-131
-80
+53
+53
+51
+95
+255
+392
+324
+131
-7
-49
-90
-113
-63
+69
+206
+291
+373
+386
+220
+27
-7
+78
+51
-57
-70
+97
+210
+214
+69
-49
-27
-25
-72
-4
+89
+235
+379
+365
+270
+216
+206
+181
+41
-99
-81
+76
+296
+315
+171
+46
+173
+309
+225
+32
-9
+156
+255
+224
+203
+165
+105
+70
+72
+120
+151
+197
+277
+335
+263
+192
+148
+109
+51
-32
-25
+150
+198
+256
+368
+511
+521
+250
+102
+212
+275
+107
-196
-122
+246
+458
+380
+203
+181
+287
+290
+116
+57
+123
+306
+522
+623
+639
+629
+421
+199
+51
-172
-78
-83
+32
+230
+325
+444
+369
+291
+192
+178
+148
+144
+45
+39
+56
+34
+19
-31
+60
+214
+363
+571
+495
+331
+358
+417
+423
+289
+205
+325
+499
+517
+321
+130
+108
+144
+38
-91
-123
-65
-52
-20
+45
+34
+155
+335
+479
+390
+281
+305
+302
+232
+67
-19
-52
-58
-22
+28
+174
+393
+535
+499
+495
+588
+547
+517
+424
+446
+359
+230
+179
+130
-50
-171
-26
+179
+325
+365
+367
+458
+529
+492
+338
+42
-89
-53
-127
-242
-295
-233
-152
-158
+9
+191
+212
+123
+69
+80
+181
+302
+219
+167
+321
+589
+775
+852
+838
+813
+893
+905
+756
+458
+314
+286
+380
+313
+193
+149
+166
+55
-63
-83
-42
-174
-403
-458
-351
-176
-124
-82
+18
+191
+354
+440
+318
+81
-58
-8
+105
+135
+147
+262
+410
+512
+617
+553
+356
+292
+385
+353
+206
+9
-56
+61
+187
+185
+95
+55
+195
+298
+214
+124
+62
+124
+197
+206
+183
+238
+366
+387
+333
+397
+521
+472
+166
-50
-52
+40
-65
-228
-173
+98
+313
+305
+265
+356
+537
+572
+445
+236
+132
+192
+209
-6
-236
-210
+57
+191
+114
+19
+56
+251
+409
+385
+235
+130
+96
+114
+48
-160
-335
-305
-183
-117
-161
-152
-41
+89
+170
+253
+353
+476
+570
+638
+696
+674
+514
+389
+428
+494
+236
-82
-147
-88
-210
-414
-513
-380
-237
-180
-137
-9
+152
+281
+319
+407
+526
+606
+596
+470
+361
+334
+374
+326
+234
+223
+233
+245
+210
+202
+141
+41
-54
+30
+252
+404
+352
+288
+381
+476
+403
+176
+10
+8
-34
-207
-422
-383
-104
+73
+57
+48
+159
+345
+496
+509
+400
+316
+297
+274
+244
+227
+229
+184
+103
+19
-25
-40
-22
-81
-125
-38
+114
+267
+331
+315
+378
+455
+460
+322
+234
+261
+154
-67
-197
-198
-91
-20
-21
-31
+75
+261
+356
+384
+436
+438
+307
+133
+30
+7
+0
-59
-139
-141
-89
-1
+82
+119
+164
+212
+328
+427
+328
+156
+68
-6
-22
-45
-85
-118
-55
+8
-49
-184
-240
-189
-209
-177
-41
+100
+148
+159
+274
+435
+519
+419
+339
+293
+320
+245
+108
-45
-84
-29
+46
+69
+113
+198
+307
+337
+312
+202
+44
-24
-3
+16
-1
+21
+64
+146
+164
+108
+87
+102
+121
+235
+304
+267
+173
+206
+365
+431
+384
+288
+279
+325
+300
+178
+87
-4
+57
+64
-10
-144
-177
-101
-16
+91
+203
+293
+306
+367
+378
+262
+138
+69
+76
+38
+9
-27
-17
+116
+245
+383
+438
+414
+448
+483
+423
+230
+56
+33
+1
-76
-99
-55
+24
+148
+280
+338
+382
+368
+326
+174
+58
+32
+9
-63
-157
-187
-112
-101
-134
-59
+52
+126
+82
-4
-38
+8
+67
+77
+119
+128
+140
+160
+129
+55
-24
-19
+95
+224
+276
+205
+111
+128
+164
+114
-33
-93
-54
+4
-2
-65
-108
-53
+26
+53
+59
+32
+11
+9
+37
+54
+91
+100
+13
-36
+45
+129
+84
+21
+27
+192
+252
+178
+118
+139
+175
+138
+27
-63
-41
-1
+21
-6
-2
+108
+186
+228
+150
+31
-33
-77
-98
-85
-51
+24
+124
+144
+202
+208
+99
-29
-24
-11
+29
-14
-41
-9
+31
+56
-16
-58
-21
+51
+86
+77
+132
+188
+258
+259
+211
+134
+26
-33
-26
-2
-12
-62
-69
+27
+122
+165
+91
+6
+58
+169
+262
+195
+90
+79
+90
+64
-10
-34
-41
-21
-29
-18
+16
+114
+126
+70
+85
+37
-60
-113
-131
-107
-129
-197
-134
-47
+16
-56
-183
-155
-10
+94
+52
+48
+129
+237
+162
+57
+50
+55
+82
+32
-7
+72
+136
+169
+94
-79
-135
-182
-140
-34
-14
+33
+111
+183
+234
+198
+97
+28
+16
-8
-101
-117
-45
+63
+70
-26
+21
+125
+209
+135
+5
+12
+38
+25
-44
-38
-6
+88
+139
+108
+97
+144
+174
+125
+88
+125
+205
+220
+194
+204
+171
+158
+160
+202
+151
+55
+67
+140
+237
+193
+102
+111
+192
+245
+282
+207
+144
+108
+118
+136
+89
+10
-3
+79
+202
+216
+218
+263
+301
+299
+258
+189
+179
+224
+188
+111
+94
+124
+137
+102
+74
+158
+256
+303
+282
+276
+320
+286
+175
+101
+99
+135
+103
+14
+43
+135
+160
+173
+174
+183
+183
+52
-16
+36
+143
+147
+27
-28
+81
+187
+143
-8
-41
+95
+193
+81
-33
+46
+201
+193
+113
+120
+241
+277
+223
+117
+119
+208
+208
+95
+63
+109
+178
+165
+134
+122
+127
+191
+238
+182
+141
+177
+227
+223
+207
+172
+164
+206
+226
+214
+208
+192
+151
+132
+166
+197
+176
+176
+152
+190
+227
+210
+165
+166
+215
+252
+241
+246
+230
+208
+231
+228
+190
+116
+135
+269
+365
+341
+303
+322
+356
+436
+400
+306
+262
+264
+291
+326
+270
+209
+232
+260
+277
+299
+330
+336
+339
+343
+312
+273
+247
+212
+152
+120
+108
+146
+206
+233
+290
+338
+313
+291
+297
+282
+337
+372
+373
+354
+353
+321
+255
+241
+231
+179
+146
+208
+301
+306
+237
+218
+256
