+157
+149
+195
+255
+284
+320
+300
+269
+227
+241
+226
+227
+229
+245
+258
+286
+310
+283
+229
+207
+182
+167
+207
+197
+202
+215
+215
+186
+131
+85
+107
+102
+63
-3
+21
+69
+153
+145
+238
+346
+383
+381
+381
+168
+218
+209
+231
+342
+351
+392
+446
+546
+460
+464
+397
+391
+358
+297
+150
+317
+2350
+956
-3287
-1929
+4572
+4556
-3172
-3728
+4048
+6081
-2846
-5060
+2615
+7071
+222
-7184
-2198
+6356
+6064
-3935
-5828
+2778
+7579
+367
-6160
-1788
+5751
+6334
-1969
-7258
-1752
+5536
+6309
-3027
-7441
-165
+7808
+6707
-3910
-7610
-883
+8632
+8007
-2754
-8277
-2582
+7262
+8056
-454
-7205
-4034
+3919
+7457
+3462
-2874
-4295
-1478
+1016
+1563
+1313
+2849
+2943
+905
-1786
-3569
-4611
-4574
-4075
-1843
+2228
+9254
+15527
+15003
+5503
-5714
-10752
-11178
-11797
-10376
-4977
+4292
+13143
+18014
+18044
+14893
+9249
-30
-9312
-13467
-12620
-8561
-4271
-2252
-503
+2990
+5721
+6894
+7242
+6922
+6960
+6527
+4118
+1096
-1432
-2561
-4630
-8086
-10587
-9746
-5994
-1988
+636
+1892
+3786
+6127
+8122
+8708
+7539
+4150
+653
-1139
-1530
-1400
-1862
-3018
-4313
-4728
-4305
-3597
-2646
-1248
+632
+2006
+2889
+3607
+3508
+2360
+470
-851
-1643
-1740
-1402
-696
+154
+367
+363
-163
-400
-329
-410
-349
-468
-717
-619
-605
-601
-530
-150
+223
+510
+602
+897
+1063
+177
-1241
-2389
-2234
-1182
+233
+1436
+1927
+1843
+1556
+1139
+49
-1503
-2390
-2038
-994
+226
+1352
+2403
+2685
+2015
+1060
+363
-187
-1273
-2542
-3123
-2780
-1909
-1368
-750
+637
+2392
+3428
+3392
+3160
+2859
+1926
-2
-1810
-2681
-2756
-2891
-3097
-2525
-1392
-182
+271
+508
+1211
+1723
+1645
+1444
+1615
+2115
+2071
+1382
+732
+540
+42
-1278
-2733
-3363
-3154
-2900
-2648
-1852
-383
+1142
+2474
+3266
+3611
+3711
+3247
+2179
+697
-935
-2155
-2839
-2800
-2252
-1441
-340
+1073
+2351
+2899
+2374
+1436
+418
-896
-1682
-2084
-2353
-1992
-641
+1160
+2157
+2134
+2405
+2889
+2213
+270
-1428
-1523
-1065
-1556
-2023
-881
+1358
+2283
+1496
+952
+1295
+1031
-571
-1957
-2136
-1469
-1355
-1407
-618
+872
+2327
+2163
+1217
+991
+1184
+659
-577
-1305
-1091
-768
-681
-626
+131
+667
+793
+701
+680
+699
-1
-761
-1199
-1320
-1014
-773
-368
+634
+2026
+2682
+2223
+1162
+800
+596
-432
-1263
-1750
-1365
-698
-440
-278
+10
+371
+385
-53
-169
+463
+809
+460
-470
-609
+360
+806
+255
-541
-576
-3
-208
-329
-361
-301
+63
+534
+1055
+929
+196
+134
+260
+46
-645
-1361
-1140
-485
+195
+49
-339
+120
+1218
+1877
+1404
+563
+549
+1054
+772
-389
-1379
-1285
-272
+32
-321
-519
-83
+820
+553
-443
-1005
-358
+587
+600
+316
+542
+1194
+1502
+849
-108
-467
-415
-339
-629
-913
-910
-525
-95
-27
-5
+269
+720
+1314
+1371
+1013
+668
+551
+483
-13
-636
-677
-355
-326
-518
-492
-184
-102
-169
-27
+324
+627
+618
+534
+520
+334
+92
+138
+44
-359
-208
+528
+785
+164
-203
+241
+590
-102
-1064
-980
-436
-320
-686
-529
+483
+1113
+1001
+582
+720
+1131
+717
+50
-87
-47
-197
-556
-637
-545
-707
-584
+206
+933
+1454
+1077
+554
+871
+910
+187
-1133
-1110
-101
-286
-603
-142
+692
+529
-535
-946
-281
+299
+336
+572
+993
+1797
+1969
+1314
+569
-50
-201
-838
-1667
-1746
-1218
-462
-293
-176
+642
+1149
+1315
+1171
+1076
+935
+521
+78
-53
-68
-30
-147
-197
+134
+8
-174
-230
-188
+69
+259
+312
+591
+952
+1082
+539
-117
-501
-745
-824
-981
-586
+151
+704
+1022
+1432
+1544
+1326
+942
+309
-479
-970
-953
-915
-813
-517
-218
+301
+564
+600
+609
+469
+345
+270
+256
+322
+414
+603
+418
+35
-247
-302
-149
-15
+174
+547
+780
+700
+424
-76
-661
-1064
-1102
-777
-387
+37
+679
+1289
+1639
+1425
+868
+257
-326
-558
-462
-282
-94
+120
+587
+892
+864
+476
-78
-407
-512
-606
-753
-628
-215
+305
+429
+364
+336
+417
+622
+612
+476
+372
+463
+687
+520
+193
+6
+13
+3
-153
-437
-444
-248
-299
-497
-499
+60
+518
+248
+153
+556
+922
+733
+333
+642
+932
+442
-207
-254
+254
+76
-737
-911
-312
+307
+324
+221
+598
+1082
+772
-126
-738
-592
-200
-330
-421
+188
+1219
+1846
+1386
+501
+19
-177
-506
-1101
-1349
-741
+205
+1008
+1139
+858
+806
+738
+308
-435
-1036
-1134
-784
-415
-195
+113
+560
+1319
+1796
+1617
+1020
+319
-8
-281
-759
-1121
-1141
-748
-218
+33
+37
+86
+278
+374
+282
+264
+357
+622
+774
+627
+520
+655
+459
-231
-692
-573
-466
-748
-993
-430
+85
+282
+226
+248
+503
+704
+680
+452
+393
+394
+241
-81
-276
-192
-165
-326
-366
-1
+342
+135
-230
-199
+125
+83
-385
-426
+146
+701
+783
+788
+1052
+1183
+461
-491
-901
-1030
-1299
-1582
-1154
+85
+1266
+1676
+1503
+1275
+1264
+858
-251
-1175
-1355
-849
-359
-422
-306
+286
+943
+1100
+502
-71
-80
+197
+206
-118
-262
+43
+322
+274
+95
+92
+118
-59
-368
-341
-2
+163
-55
-99
+215
+464
+403
+169
+161
+224
-134
-416
-171
+182
+82
-285
-94
+451
+528
+28
-195
+34
+302
+63
-401
-445
+44
+567
+492
+99
+16
+399
+704
+333
-125
-3
+245
+321
+60
-186
-29
+165
+39
-274
-447
-259
-35
+106
+173
+87
+91
+344
+655
+590
+133
-76
+234
+315
+64
-229
-207
-15
-88
-265
-185
+109
+337
+382
+328
+128
-89
-72
-32
-225
-411
-157
+337
+420
+226
+470
+788
+526
-92
-206
+256
+347
-12
-236
+128
+452
+319
+71
-36
+59
-68
-301
-297
-177
+168
+363
+359
+404
+667
+849
+669
+374
+168
+147
+79
-139
-380
-408
-315
-46
+212
+274
+425
+673
+847
+841
+359
-202
-360
-232
-67
-34
+54
+339
+665
+662
+267
-69
-262
-390
-483
-328
+123
+422
+628
+1028
+1272
+963
+496
+263
+298
+114
-358
-462
-349
-108
-5
-84
-1
+355
+576
+546
+341
+231
+134
+71
-10
-141
-131
+143
+528
+692
+755
+728
+732
+470
-81
-397
-414
-387
-625
-808
-337
+585
+900
+593
+342
+524
+774
+451
-112
-183
+83
+237
+17
-245
-249
-137
-70
-107
-96
+129
+350
+425
+524
+567
+411
+202
+131
+291
+304
+104
-66
-96
-26
-158
-413
-523
-491
-218
+75
+374
+625
+929
+1130
+1024
+676
+336
+160
-122
-513
-720
-669
-371
-243
-108
+271
+603
+662
+691
+730
+660
+311
-185
-387
-364
-399
-459
-418
-66
+317
+419
+404
+421
+450
+335
+66
-11
+178
+276
+80
-135
-14
+223
+255
+153
+43
+179
+239
-42
-243
-205
-48
-53
-153
+55
+386
+471
+242
+154
+281
+295
+102
-158
-111
+297
+490
+300
+95
+60
+136
+0
-255
-223
+16
+224
+288
+298
+518
+604
+330
-213
-558
-457
-147
+68
+203
+390
+778
+981
+746
+345
-85
-271
-217
-260
-257
-66
+222
+314
+189
+273
+243
+18
-166
-141
+102
+91
-122
-41
+289
+504
+397
+129
+137
+305
+224
-2
-114
-184
-151
-84
-4
+16
+31
+42
+126
+260
+244
+252
+349
+511
+439
+271
+182
+99
-161
-318
-210
+85
+311
+339
+309
+373
+510
+409
+58
-251
-304
-302
-269
-228
-36
+312
+618
+813
+734
+422
+248
+58
-144
-521
-771
-559
-34
+590
+807
+770
+640
+478
+264
-158
-604
-759
-580
-217
+65
+241
+343
+413
+407
+263
+79
-89
-42
+90
+176
+189
+99
+78
+96
+65
+36
+74
+143
+86
+15
+133
+413
+438
+44
-253
-87
+168
+164
+50
+59
+217
+453
+476
+301
+118
-28
-106
-128
-129
-53
+82
+304
+476
+520
+535
+421
+179
-51
-182
-236
-209
-167
-86
+14
+204
+429
+471
+309
+219
+203
+185
+124
-23
-164
-229
-95
+99
+130
+120
+107
+218
+335
+425
+429
+130
-173
-279
-128
+6
-160
-280
-159
+162
+512
+441
+306
+371
+409
+380
+268
+119
-30
-266
-382
-368
-214
-92
+64
+228
+364
+386
+359
+376
+381
+235
-6
-16
+204
+277
+122
-95
-172
-34
+46
-16
-95
-28
+178
+433
+415
+48
-68
+118
+288
+26
-276
-119
+298
+375
+301
+188
+162
+147
+103
+136
+142
+98
+93
+75
+46
+40
+93
+52
-84
-53
+87
+170
+61
-58
+85
+362
+436
+309
+273
+317
+387
+307
+79
-52
-24
+60
+119
+90
+169
+333
+482
+367
+154
+89
+156
+102
-157
-291
-58
+198
+245
+111
+211
+559
+745
+527
+214
+308
+490
+342
-150
-425
-269
-104
-160
-274
-50
+504
+834
+753
+470
+432
+574
+389
-118
-482
-289
+121
+226
+80
+80
+288
+461
+447
+250
-21
-86
+5
+58
+28
+126
+331
+532
+629
+658
+654
+403
+21
-217
-313
-373
-375
-207
+179
+502
+604
+615
+528
+344
+190
+4
-112
-85
-49
+41
+146
+298
+413
+442
+266
+105
+130
+205
+44
-221
-135
+135
+253
+190
+230
+398
+476
+328
+30
-102
-52
-91
-148
-36
+250
+387
+326
+356
+383
+299
+111
-13
-36
-83
-152
-143
-38
+83
+158
+200
+345
+423
+323
+265
+272
+188
-94
-232
-17
+150
+100
-57
+19
+278
+395
+337
+218
+161
+213
+289
+270
+82
-115
-196
-66
+132
+171
+145
+178
+335
+414
+297
+169
+123
+187
+245
+93
-87
-126
+23
+175
+93
-36
+89
+354
+570
+433
+182
+107
+114
+43
-80
-7
+212
+401
+389
+284
+160
+148
+114
-29
-33
+78
+275
+419
+425
+391
+288
+237
+171
+65
+71
+121
+148
+93
-37
-6
+62
+163
+344
+465
+466
+491
+681
+827
+654
+169
-256
-275
-54
+21
-51
+28
+401
+889
+992
+695
+408
+305
+268
+52
-276
-389
-240
+81
+243
+176
+42
-124
-191
-199
-179
-169
-220
-150
+119
+429
+473
+295
+243
+313
+321
+176
+13
-60
-98
-128
-114
+1
+174
+312
+416
+573
+816
+917
+716
+416
+262
+260
+195
+168
+188
+328
+524
+677
+692
+547
+422
+373
+291
+141
+72
+125
+248
+330
+360
+370
+357
+229
-68
-304
-362
-382
-367
-356
-183
-11
+59
+79
+52
+183
+274
+304
+304
+351
+490
+539
+461
+346
+292
+316
+289
+187
+167
+270
+353
+308
+279
+309
+383
+451
+421
+358
+359
+409
+398
+413
+414
+444
+436
+422
+516
+602
+500
+268
+92
+103
+137
-3
-172
-233
-169
-103
-130
-235
-355
-387
-236
-121
-99
-37
+254
+613
+649
+518
+429
+547
+619
+400
+126
+102
+170
+236
+153
+4
-33
-30
-59
-106
-69
+13
+133
+217
+279
+385
+486
+566
+548
+452
+346
+283
+255
+235
+204
+153
+123
+117
+156
+149
+49
+66
+290
+497
+525
+581
+770
+913
+803
+470
+131
-13
+13
-69
-216
-187
+102
+375
+379
+183
+49
+63
+83
-127
-341
-236
+96
+284
+185
+63
+123
+269
+248
+66
+24
+199
+369
+321
+208
+208
+338
+416
+231
-80
-178
+31
+172
+3
-153
+78
+448
+565
+402
+326
+540
+748
+771
+650
+586
+718
+817
+809
+725
+497
+379
+398
+342
+60
-330
-427
-280
-219
-272
-161
+194
+573
+735
+759
+783
+755
+678
+578
+549
+491
+343
+253
+316
+341
+169
-34
-86
-29
+3
+0
+28
+118
+229
+219
+157
+140
+206
+314
+297
+240
+263
+341
+316
+122
+36
+53
+49
-28
-91
-20
+66
+163
+190
+74
-40
-76
-30
+41
+38
-23
+114
+404
+509
+401
+273
+383
+507
+359
+63
-39
+206
+360
+140
-79
-26
+218
+260
+180
+250
+406
+463
+478
+437
+347
+268
+241
+239
+179
+140
+189
+303
+376
+284
+187
+139
+116
+132
+103
-21
-98
-100
-36
+61
+98
+147
+177
+236
+358
+409
+364
+307
+308
+274
+301
+361
+386
+359
+408
+460
+425
+302
+166
+131
+217
+240
+152
+74
+133
+291
+425
+487
+470
+450
+516
+576
+481
+286
+155
+145
+114
+94
+167
+258
+312
+244
+146
+86
+22
-82
-228
-349
-221
+45
+225
+235
+195
+359
+573
+554
+286
-2
-41
-8
-76
-208
-234
-91
+179
+342
+363
+354
+396
+448
+392
+267
+163
+138
+207
+246
+212
+155
+183
+266
+310
+213
+62
+72
+210
+256
+184
+66
+140
+286
+342
+255
+136
+118
+113
+115
+90
+96
+140
+262
+371
+419
+425
+384
+382
+322
+166
+30
-27
-2
+68
+82
+31
+26
+179
+349
+364
+220
+189
+311
+369
+239
+114
+136
+152
+160
+138
+117
+164
+231
+286
+235
+189
+201
+86
-113
-191
-95
+39
+10
+15
+56
+179
+273
+274
+207
+167
+196
+275
+270
+158
+107
+116
+158
+181
+153
+166
+305
+358
+304
+209
+236
+283
+261
+168
+88
+118
+169
+184
+156
+65
+83
+189
+222
+159
+124
+193
+241
+245
+156
+12
-73
-50
-58
-202
-231
-82
+86
+97
+65
+116
+187
+177
+83
+9
+99
+173
+151
+63
+161
+385
+462
+332
+133
+54
+42
-5
-79
-52
+60
+249
+417
+494
+482
+410
+341
+218
+109
+34
-15
+73
+112
+89
+87
+177
+280
+297
+205
+175
+243
+252
+205
+129
+106
+171
+152
+97
+38
+53
+187
+227
+116
+67
+77
+163
+181
+110
+20
+13
+123
+222
+216
+157
+160
+244
+225
+134
+108
+162
+157
+83
+47
+155
+268
+247
+185
+122
+130
+149
+73
+39
+44
+64
+136
+219
+239
+157
+88
+89
+95
+23
-37
+30
+201
+318
+257
+110
+68
+157
+138
+55
+98
+236
+318
+325
+265
+187
+107
+22
-51
-95
-35
+129
+199
+219
+213
+235
+271
+212
+99
+57
+140
+172
+84
-14
+21
+161
+191
+89
+76
+265
+433
+336
+63
-96
-24
+55
+25
-54
-36
+133
+238
+217
+104
-2
-3
+71
+85
+22
-46
+22
+137
+142
+0
-62
-23
+43
+78
+17
-44
-25
+46
+39
+3
-3
+22
+23
+4
+57
+166
+188
+104
-14
-2
+27
-45
-120
-94
-6
+88
+80
+17
-16
+15
+85
-1
-78
-32
+84
+212
+200
+141
+100
+69
+65
+1
-71
-75
-42
+22
+91
+141
+183
+124
+30
+44
+53
+16
-59
-45
+51
+79
+7
+63
+228
+302
+221
+148
+175
+218
+177
+68
+43
+104
+55
-22
-49
+46
+132
+71
-29
+19
+168
+274
+179
+63
+75
+100
+46
+12
-19
-46
-82
-23
+116
+194
+178
+128
+130
+143
+98
+35
+29
+85
+112
+54
+45
+80
+136
+158
+86
+11
+8
+13
+44
+31
+14
+14
+44
+46
+70
+136
+155
+159
+137
+149
+196
+200
+146
+90
+57
+15
-40
-48
-5
+35
+89
+108
+125
+163
+132
+53
+7
+0
+1
-22
-36
-29
+14
+82
+73
+53
+99
+80
+14
-75
-128
-97
-63
-56
-24
+13
+38
+74
+85
+59
-6
-46
-41
+5
+70
+20
-49
+3
+81
+95
+22
+32
+101
+141
+103
+45
-10
+18
+20
-16
+5
+42
+92
+144
+150
+100
+56
+64
+45
-19
-35
+11
+71
+91
+80
+128
+200
+178
+108
+95
+96
+75
-25
-70
-18
+63
+87
+75
+134
+218
+245
+170
+55
+15
+17
+6
-67
-75
-17
+57
+97
+78
