+124
+146
+131
+120
+129
+152
+146
+115
+115
+94
+77
+82
+71
+74
+74
+64
+51
+45
+60
+60
+47
+63
+48
+47
+78
+85
+62
+58
+62
+58
+76
+85
+107
+69
+65
+53
+95
+126
+173
+219
+247
+210
+219
+116
+83
+69
+71
+105
+126
+148
+170
+253
+232
+232
+198
+156
+164
+239
+53
-487
+303
+1875
+2734
+1417
-1514
-4149
-4887
-3403
+546
+5663
+9632
+10962
+7656
+827
-5959
-11476
-12454
-9258
-2114
+5081
+13666
+20636
+21039
+11933
-499
-10216
-17127
-18698
-12378
-1098
+9764
+19190
+26879
+26660
+14467
-1752
-13761
-17994
-19644
-14442
-3202
+9060
+18735
+22561
+23596
+18608
+5765
-8125
-15611
-16125
-15703
-12236
-3521
+7510
+16962
+20686
+21400
+18029
+7722
-5879
-15103
-17002
-14468
-9874
-5025
+2244
+9772
+14144
+13665
+9369
+4229
+144
-5044
-7820
-8297
-7754
-5624
-3949
-3042
-4027
-2454
+1406
+4433
+5676
+4768
+6513
+6723
+4118
-1111
-5673
-8050
-9601
-10577
-10223
-7371
-2478
+1011
+7873
+13926
+15158
+14166
+10345
+7093
+1679
-5958
-10617
-13151
-12233
-9798
-7413
-1943
+3358
+6713
+8585
+9347
+9710
+8791
+5148
+1703
-683
-4018
-6624
-8038
-9103
-7432
-5352
-2252
+1481
+4140
+6246
+6815
+5512
+3441
+413
-2035
-3693
-4401
-4396
-3640
-2411
-1126
-179
+781
+1939
+2736
+2803
+1726
+255
-1069
-2722
-4010
-4561
-4553
-2929
-1143
+676
+2595
+3510
+3630
+2705
+1411
-234
-1596
-2415
-3329
-4118
-3162
-1095
+690
+2221
+3335
+3756
+2799
+911
-1331
-2907
-3813
-3725
-2259
-448
+1056
+2203
+2888
+3333
+2848
+1361
-100
-1475
-2753
-3623
-3958
-3496
-2400
-1120
+392
+2172
+3728
+4584
+4749
+3948
+2241
+84
-2094
-3863
-4945
-5326
-4891
-3590
-1651
+448
+2350
+3892
+4968
+4919
+3720
+1849
-72
-1513
-2509
-2613
-1763
-653
+369
+1017
+662
-453
-1884
-3120
-3778
-3812
-2579
+130
+3116
+5730
+7541
+7932
+6440
+2646
-1922
-5390
-7275
-7626
-6352
-3578
-37
+3454
+6181
+7923
+8212
+6608
+3650
+11
-3163
-5353
-6614
-6400
-4798
-2141
+1039
+3867
+6299
+7800
+7651
+5634
+2123
-1420
-4079
-5999
-6671
-5826
-3659
-827
+1919
+4204
+5622
+5674
+4500
+2260
-324
-2326
-3593
-4090
-3802
-3153
-1875
-490
+1004
+2387
+2958
+3147
+2504
+1230
-186
-1899
-2862
-2756
-2139
-1035
-268
+194
+294
-1
-324
-577
-281
+496
+1503
+2067
+1699
+1004
+76
-1275
-2495
-2925
-2171
-1348
-574
+543
+1627
+2312
+2310
+1912
+1750
+1015
-385
-1564
-2332
-2815
-2935
-2534
-1184
+720
+2214
+3404
+3974
+3830
+2715
+551
-1243
-2473
-3136
-3039
-2486
-1313
-45
+849
+1565
+1926
+1915
+1610
+863
+392
+15
-438
-932
-1145
-1017
-713
-599
-451
+14
+575
+1075
+1413
+1433
+1179
+704
+91
-647
-1139
-1221
-1060
-646
-254
+231
+534
+579
+619
+533
+542
+409
+228
+86
-194
-401
-401
-301
+41
+299
+310
+314
+0
-423
-793
-1054
-981
-663
-136
+581
+1046
+1271
+1257
+1063
+802
+332
-38
-234
-546
-762
-874
-951
-897
-848
-521
-90
+348
+901
+1206
+1238
+1051
+715
+292
-319
-881
-1049
-948
-813
-539
-39
+431
+764
+978
+1079
+994
+518
-199
-854
-1391
-1601
-1433
-892
-64
+823
+1533
+1791
+1483
+979
+384
-225
-641
-815
-643
-171
+245
+442
+367
+155
-148
-650
-1069
-1011
-700
-176
+360
+930
+1422
+1543
+1166
+567
-26
-626
-1225
-1528
-1353
-736
-109
+434
+923
+1264
+1171
+561
-120
-541
-808
-797
-616
-266
+155
+422
+471
+323
+95
-150
-420
-598
-451
-132
+194
+834
+1344
+1467
+1311
+739
+109
-731
-1565
-2007
-1845
-1218
-436
+441
+1489
+2250
+2421
+2033
+1293
+408
-472
-1209
-1723
-1792
-1588
-1084
-373
+262
+854
+1496
+1899
+1898
+1540
+794
-35
-800
-1461
-1661
-1657
-1213
-403
+330
+1071
+1692
+1804
+1627
+1034
+224
-508
-1298
-1482
-1240
-848
-226
+396
+982
+1407
+1359
+1073
+654
+180
-235
-590
-744
-587
-321
+26
+328
+515
+608
+465
+261
+88
-54
+49
+193
+326
+444
+446
+393
+104
-206
-378
-440
-284
-39
+269
+732
+993
+937
+808
+486
+146
-248
-526
-515
-308
+64
+453
+800
+986
+823
+444
-25
-431
-716
-686
-405
+159
+688
+1011
+1175
+969
+396
-267
-852
-1131
-1131
-726
-3
+719
+1337
+1567
+1541
+1175
+520
-5
-466
-861
-1139
-1053
-790
-619
-296
+156
+649
+1038
+1155
+1218
+1167
+888
+391
-92
-452
-778
-997
-853
-506
-10
+362
+698
+975
+943
+707
+300
-56
-304
-511
-581
-400
-93
+200
+413
+620
+744
+684
+465
+121
-170
-363
-515
-473
-152
+268
+609
+853
+915
+756
+485
+88
-320
-620
-592
-321
+16
+312
+586
+843
+857
+485
+123
+21
-136
-340
-415
-154
+43
+105
+150
+290
+372
+185
+69
+164
+315
+337
+422
+626
+700
+371
-50
-427
-688
-954
-979
-491
+181
+885
+1444
+1675
+1759
+1342
+635
-133
-957
-1468
-1654
-1562
-1010
-276
+500
+1256
+1765
+1946
+1777
+1272
+726
+170
-484
-974
-1197
-1076
-747
-396
+152
+861
+1432
+1598
+1267
+905
+440
-70
-607
-894
-719
-417
-101
+241
+498
+703
+703
+467
+300
+220
+229
+268
+370
+375
+260
+76
-147
-443
-736
-683
-477
-184
+263
+676
+1127
+1376
+1293
+1041
+682
+160
-329
-681
-865
-865
-607
-204
+177
+504
+763
+888
+842
+645
+492
+416
+402
+535
+720
+810
+658
+205
-340
-845
-1289
-1384
-1013
-281
+604
+1502
+2189
+2284
+1850
+1117
+252
-542
-1223
-1484
-1165
-661
-170
+394
+938
+1272
+1219
+1023
+708
+199
-327
-602
-632
-444
-74
+402
+820
+870
+605
+206
-258
-682
-917
-788
-362
+168
+661
+968
+1030
+902
+666
+344
-106
-401
-343
-231
-185
-183
-80
+129
+143
+42
+26
+199
+446
+564
+577
+559
+500
+352
-83
-631
-900
-889
-578
-137
+439
+926
+1137
+1191
+859
+155
-509
-910
-986
-905
-644
+9
+708
+1111
+1240
+1113
+821
+194
-532
-937
-1006
-916
-655
-100
+547
+1002
+1112
+1028
+681
+272
-122
-386
-491
-395
-105
+191
+305
+347
+264
+119
+26
-69
-12
+33
+130
+342
+527
+534
+367
+186
+0
-235
-446
-570
-498
-263
+71
+422
+711
+861
+866
+626
+299
-88
-430
-595
-533
-267
+141
+499
+778
+903
+769
+444
-65
-473
-654
-713
-632
-415
-12
+344
+506
+578
+550
+524
+416
+203
+83
-39
-24
-41
-86
-33
-3
-40
-16
-18
-3
-41
-53
+75
+183
+272
+407
+488
+458
+448
+361
+227
+22
-188
-287
-447
-592
-504
-350
-158
+35
+352
+597
+676
+692
+627
+459
+92
-237
-362
-403
-382
-287
-81
+89
+115
+138
+173
+172
+207
+364
+465
+451
+393
+352
+192
-7
-99
-211
-282
-207
-56
+208
+336
+377
+513
+556
+442
+272
+165
+143
+101
+15
+11
+24
-15
-77
-155
-167
-57
+55
+190
+238
+268
+302
+254
+105
-16
-126
-140
-150
-116
+40
+91
+93
+81
+35
-31
-55
+20
+230
+359
+445
+448
+364
+200
-128
-401
-457
-373
-152
+106
+328
+618
+636
+522
+260
-18
-157
-352
-412
-354
-101
+178
+228
+224
+228
+129
+17
-44
+24
+101
+138
+208
+206
+153
+72
-78
-195
-289
-272
-176
-79
+22
+236
+426
+507
+478
+338
+111
-184
-542
-702
-725
-656
-420
-31
+412
+661
+759
+700
+535
+233
-97
-318
-347
-273
-160
+20
+279
+402
+352
+217
+138
+119
+28
-78
-8
+187
+246
+263
+334
+352
+312
+173
+1
-72
-62
-88
-100
-41
+64
+136
+176
+190
+155
+88
-38
-93
-47
+0
+100
+216
+297
+325
+217
+122
+42
-89
-158
-114
-24
-30
-52
+53
+202
+267
+279
+309
+314
+202
+26
-118
-197
-231
-164
-52
+55
+128
+151
+210
+218
+208
+147
+62
+49
+14
-19
-30
-39
+31
+90
+120
+104
-9
-114
-123
-130
-153
-36
+255
+455
+501
+461
+346
+149
-143
-378
-443
-372
-220
-66
+143
+339
+441
+423
+319
+219
+13
-153
-212
-220
-195
-146
-66
+97
+266
+386
+341
+279
+294
+235
+127
-6
-45
-81
-148
-195
-138
-19
+110
+228
+418
+567
+617
+587
+511
+385
+102
-147
-294
-377
-284
-130
+18
+164
+347
+530
+564
+521
+407
+284
+66
-177
-319
-348
-252
-58
+142
+401
+529
+556
+540
+423
+194
-31
-180
-273
-361
-296
-82
+187
+408
+534
+621
+667
+571
+328
+119
-151
-313
-371
-427
-345
-146
+190
+575
+790
+881
+842
+602
+293
-68
-401
-601
-555
-333
-113
+98
+303
+488
+555
+452
+252
+95
-6
-79
-81
+8
+133
+172
+170
+221
+177
+110
+35
+15
-21
-73
-125
-80
+85
+230
+372
+465
+525
+478
+379
+245
+70
-90
-212
-311
-259
-208
-73
+183
+396
+533
+625
+647
+571
+371
+160
-10
-208
-330
-267
-48
+169
+409
+660
+872
+882
+668
+411
+150
-127
-325
-344
-181
+89
+376
+698
+904
+903
+695
+387
+63
-218
-325
-213
+3
+280
+523
+646
+637
+481
+237
+56
-71
-65
+111
+309
+505
+620
+659
+597
+373
+96
-135
-262
-251
-156
+35
+342
+654
+846
+880
+748
+533
+201
-100
-288
-412
-428
-282
+7
+326
+577
+767
+869
+806
+629
+377
+157
-86
-352
-453
-437
-339
-149
+58
+358
+604
+744
+845
+777
+560
+273
-56
-291
-427
-416
-220
+57
+403
+748
+896
+840
+631
+293
-93
-319
-408
-280
-39
+212
+551
+765
+707
+517
+269
-5
-296
-408
-346
-164
+120
+394
+674
+832
+837
+686
+476
+214
-152
-405
-415
-243
+17
+287
+555
+811
+868
+737
+490
+262
+41
-145
-267
-223
-51
+101
+271
+445
+568
+608
+490
+351
+264
+121
+39
+19
+60
+112
+126
+175
+195
+135
+24
-13
+54
+149
+296
+433
+466
+466
+339
+210
+113
+27
-21
-11
+44
+179
+279
+281
+266
+257
+194
+104
+9
+20
+68
+94
+138
+150
+198
+307
+328
+331
+273
+182
+34
-145
-153
-31
+28
+96
+236
+398
+459
+454
+440
+326
+146
-36
-98
-46
-47
+8
+84
+161
+209
+273
+311
+325
+387
+376
+339
+258
+144
+68
+3
-48
-49
-60
+49
+186
+221
+258
+272
+272
+274
+216
+249
+308
+296
+294
+313
+314
+255
+156
+96
+136
+193
+234
+280
+324
+379
+360
+255
+170
+181
+201
+165
+143
+143
+175
+211
+235
+238
+267
+308
+271
+241
+171
+108
+66
+0
-50
-6
+52
+135
+275
+336
+357
+305
+254
+254
+164
+28
+4
+63
+103
+101
+180
+416
+539
+533
+445
+275
+143
-1
-68
-41
+51
+259
+484
+623
+684
+574
+404
+204
-17
-130
-126
-22
+199
+432
+568
+625
+549
+394
+283
+113
-37
-112
-58
+75
+133
+111
+124
+129
+87
-35
-139
-180
-188
-184
-179
-133
-86
-51
+97
+211
+266
+272
+204
+132
+1
-100
-157
-137
-36
+117
+367
+531
+627
+596
+500
+434
+310
+244
+335
+453
+618
+698
+674
+578
+448
+361
+210
+123
+150
+210
+361
+504
+585
+603
+520
+377
+267
+201
+131
+76
-5
-110
-216
-293
-325
-338
-367
-330
-240
-207
-199
-168
-102
+0
+97
+230
+377
+468
+455
+404
+299
+221
+174
+133
+181
+307
+411
+458
+450
+411
+303
+179
+138
+168
+181
+146
+105
+148
+183
+197
+250
+390
+527
+592
+590
+580
+556
+458
+263
+86
-119
-310
-469
-571
-609
-604
-551
-434
-316
-228
-113
-9
+71
+165
+182
+188
+270
+298
+358
+440
+511
+454
+287
+168
+76
-66
-327
-450
-359
-191
-97
-22
+218
+440
+391
+343
+356
+356
+223
+55
+19
+54
+52
+60
+126
+200
+226
+225
+245
+255
+181
+113
+105
+204
+242
+309
+369
+444
+513
+425
+315
+282
+278
+257
+167
+73
+41
-31
-115
-146
-184
-215
-290
-250
-97
-25
-102
-124
-51
-82
-173
-149
+0
+95
+34
+95
+255
+414
+259
+102
+128
+115
+47
-139
-271
-237
-153
-4
+64
+53
+104
+147
+162
+57
+57
+232
+393
+434
+525
+723
+901
+895
+832
+671
+430
+170
+15
-65
-185
-231
-161
-39
+52
+127
+196
+211
+126
+80
+109
+8
-92
+26
+262
+341
+295
+327
+534
+609
+489
+311
+173
+168
+180
-78
-171
-103
-115
-206
-233
-208
-158
-80
-33
+38
+233
+346
+249
+228
+289
+227
-24
-281
-223
-109
-163
-169
-159
-66
+7
+7
-37
+70
+256
+291
+165
+198
+146
+104
+49
-116
-122
+5
+180
+401
+520
+591
+570
+438
+305
+128
-51
-147
-174
-223
-77
+169
+408
+561
+641
+650
+526
+292
+121
+38
+0
+12
+61
+183
+218
+160
+44
-70
-120
-125
-143
-95
-8
-2
-55
-19
-5
-144
-151
-17
+122
+337
+566
+600
+525
+482
+424
+386
+356
+201
-37
-117
-122
-155
-268
-298
-243
-159
-53
+130
+430
+611
+523
+281
+179
+76
-34
-42
-26
-4
+106
+227
+287
+328
+190
+32
-8
-127
-283
-375
-282
-47
+133
+177
+206
+257
+235
+101
-18
-91
-228
-284
-138
+63
+79
+62
+265
+553
+602
+492
+364
+284
+156
-46
-183
-43
+149
+228
+368
+470
+443
+350
+314
+293
+166
-33
-145
-182
-98
+45
+144
+288
+363
+293
+128
+13
-10
+7
+35
+155
+288
+329
+338
+263
+269
+290
+262
+307
+327
+238
+111
-18
-54
+25
+16
+73
+253
+249
+174
+169
+109
-38
-21
+85
+174
+276
+285
+278
+418
+421
+254
+119
+54
+37
+17
-43
-12
+75
+122
+144
+142
+93
+24
-32
-37
+27
+95
+153
+180
+195
+216
+210
+198
+170
+51
-47
-26
+48
+149
+225
+208
+318
+367
+387
+305
+170
+172
+134
+143
+162
+203
+291
+249
+209
+254
+259
+273
+196
+134
+159
+141
+142
+209
+172
+104
+57
-6
-94
-140
-164
-121
+3
+75
+101
+162
+174
+178
+120
+105
+121
+117
+48
+58
+162
+145
+91
+79
+96
+165
+176
+181
+201
+197
+151
+137
+8
-46
-28
+6
+113
+243
+271
+335
+345
+242
+110
+122
+59
-11
-25
-17
-16
+113
+144
+188
+176
+117
+103
+66
+151
+139
+181
+202
+194
+299
+348
+288
+178
+117
+114
+174
+134
+48
+106
+211
+281
+270
+221
+194
+164
+193
+210
+228
+285
+307
+334
+381
+347
+258
+144
+63
+76
+113
+48
-2
+76
+158
+111
+74
+96
+129
+195
+220
+230
+191
+118
+136
+199
+151
-3
-44
+88
+259
+359
+411
+520
+511
+420
+270
+121
+37
-3
-35
-46
+35
+210
+337
+394
+409
+318
+211
+137
+99
+103
+112
+144
+300
+436
+416
+347
+271
+111
-15
-76
-43
+29
+32
+96
+253
+304
+124
+43
+50
-2
-104
-178
-170
-41
+118
+208
+255
+240
+219
+198
+110
-38
-127
-110
-73
-34
+63
+150
+253
+294
+302
+278
+236
+99
-65
-104
-37
-38
-51
+65
+205
+361
+392
+332
+185
+98
+128
+33
+28
+112
+128
+132
+149
+219
+248
+191
+174
+213
+215
+287
+258
+188
+196
+259
+280
+193
+146
+174
+131
+23
+38
+90
+143
+172
+157
+194
+288
+336
+306
+150
+137
+192
+204
+193
+220
+275
+268
+316
+346
+291
+150
+34
-9
+7
+62
+119
+98
+91
+213
+305
+355
+368
+300
+106
+64
+7
-118
-152
-129
-10
+193
+318
+462
+536
