+113
+99
+88
+61
+39
+41
+64
+95
+127
+145
+160
+140
+139
+187
+215
+218
+226
+227
+221
+201
+182
+183
+154
+118
+104
+96
+94
+91
+99
+101
+109
+117
+108
+54
+27
+48
+143
+126
+160
+251
+351
+361
+395
+171
+116
+61
+27
+111
+188
+259
+313
+423
+367
+350
+267
+207
+179
+237
+57
-408
+588
+2195
+2773
+1262
-1630
-4138
-4735
-3011
+824
+5660
+9763
+11397
+8018
+970
-6168
-11664
-12561
-9229
-1917
+5457
+14179
+21092
+21738
+12839
+288
-9757
-17250
-18881
-12434
-1288
+9674
+19356
+26981
+26502
+14990
-1066
-13034
-17724
-19674
-14568
-3354
+8992
+18852
+23336
+25024
+19535
+5827
-8424
-15862
-16086
-15534
-11785
-2625
+8014
+16251
+18886
+18720
+15317
+6755
-5164
-12368
-13951
-12563
-9840
-7000
-1290
+4918
+9435
+11725
+10932
+8493
+5702
+711
-4834
-8544
-10399
-8979
-7954
-7229
-5027
-1029
+4886
+8945
+11365
+11096
+9922
+6990
+2250
-4266
-10004
-12374
-10874
-9240
-7671
-4204
+704
+5405
+9913
+12538
+12221
+10129
+5943
+1850
-2119
-6065
-9451
-11033
-9854
-7631
-4850
-1475
+1960
+4427
+5420
+5974
+5784
+4921
+3753
+3015
+2111
-75
-2601
-4809
-7051
-8250
-8410
-6608
-3504
-95
+3858
+6965
+8959
+8513
+5811
+1770
-2218
-4854
-6100
-4970
-3287
-1455
+269
+1492
+2576
+2175
+1057
+382
-539
-1630
-2868
-2656
-2253
-2471
-1995
-319
+1412
+2077
+2123
+2196
+1314
-92
-2334
-2998
-2918
-3550
-2825
-1147
+1448
+3365
+3936
+4008
+2984
+772
-1386
-3990
-5228
-4930
-3790
-1496
+1028
+3273
+5388
+5997
+4758
+2834
+98
-2532
-4250
-5761
-5427
-4217
-2613
+78
+1760
+3620
+5291
+5081
+4343
+2507
+296
-1410
-3277
-4074
-4147
-3533
-2167
-599
+887
+2232
+2743
+2265
+1068
-146
-1055
-1584
-1714
-878
+182
+1410
+2424
+2606
+2208
+1001
-808
-2684
-3961
-4329
-3812
-2493
-606
+1252
+3266
+4817
+5103
+4541
+2956
+821
-1329
-3263
-4380
-4461
-3714
-2413
-930
+720
+2170
+3062
+3388
+2895
+1960
+845
-476
-1753
-2393
-2696
-2591
-1980
-847
+524
+1533
+2100
+2437
+2197
+1498
+213
-1206
-2073
-2362
-2103
-1525
-620
+494
+1220
+1374
+1228
+912
+547
+66
-225
-389
-705
-1080
-1431
-1559
-1478
-1046
-184
+1000
+1934
+2397
+2196
+1376
+190
-1128
-2181
-2535
-2212
-1212
+17
+1165
+1979
+2376
+2271
+1257
+30
-1123
-2143
-2586
-2493
-1605
-298
+1070
+2596
+3508
+3730
+2997
+1262
-886
-2779
-3852
-4180
-3644
-2054
+224
+2382
+3539
+3899
+3597
+2284
+121
-1856
-2917
-3138
-2801
-1843
-246
+1389
+2499
+2967
+2553
+1460
+127
-1412
-2473
-2922
-2555
-1521
-446
+867
+2120
+2934
+3056
+2329
+1247
-56
-1559
-2745
-3184
-2650
-1744
-477
+970
+2313
+3257
+3372
+2689
+1428
+0
-1254
-2223
-2728
-2940
-2620
-1770
-746
+319
+1323
+2321
+3052
+3079
+2477
+1360
-24
-1403
-2472
-2912
-2748
-2175
-1164
+132
+1318
+2105
+2423
+2185
+1433
+297
-894
-1617
-1852
-1590
-867
+94
+966
+1242
+942
+420
-115
-540
-687
-483
-116
+49
-60
-279
-470
-505
-332
-37
+207
+481
+513
+219
-129
-651
-913
-928
-742
-394
-53
+554
+1021
+1017
+842
+480
+80
-654
-1084
-1066
-996
-862
-566
+289
+1001
+1044
+1205
+1138
+826
+16
-912
-947
-1043
-1006
-603
-70
+678
+649
+340
+365
+191
-44
-405
-534
-232
-85
+91
+150
+303
+577
+405
+25
-284
-517
-823
-823
-398
+32
+537
+681
+728
+466
-272
-777
-879
-634
-239
+246
+913
+1276
+1168
+708
+25
-840
-1603
-1959
-1861
-1093
-162
+767
+1949
+2481
+2409
+1673
+430
-567
-1566
-2169
-2006
-1435
-433
+496
+1140
+1495
+1111
+565
-142
-871
-1168
-1035
-582
-112
+242
+587
+737
+655
+295
+52
+30
-195
-353
-460
-479
-477
-488
-393
-172
-17
+284
+523
+546
+512
+416
+203
+68
-244
-261
-99
-245
-234
-190
-116
-47
-292
-184
+22
+67
+97
+101
+213
+233
-58
-106
-179
-300
-226
-78
+76
+107
+92
+57
-227
-580
-593
-293
+30
+213
+515
+747
+444
-198
-770
-913
-793
-506
+70
+751
+1114
+875
+383
-98
-547
-1012
-1259
-900
-335
+118
+393
+653
+937
+941
+564
+150
-135
-371
-588
-721
-433
-22
+278
+300
+217
+101
-278
-785
-1070
-966
-306
+402
+1038
+1760
+2083
+1851
+1029
-62
-999
-1728
-1963
-1771
-1112
-219
+703
+1435
+1617
+1482
+926
+274
-294
-709
-751
-527
-156
+282
+659
+749
+492
+17
-354
-661
-715
-565
-274
+137
+481
+723
+695
+511
+333
+67
-216
-405
-416
-264
-80
+44
+223
+380
+370
+161
-18
-229
-370
-418
-310
+2
+314
+658
+894
+871
+528
-15
-461
-841
-1039
-901
-379
+250
+643
+904
+974
+906
+545
+96
-231
-584
-796
-690
-438
-130
+152
+520
+860
+795
+396
+25
-252
-530
-703
-423
+89
+462
+606
+737
+644
+267
-218
-350
-186
-9
+90
+360
+671
+522
+63
-415
-624
-647
-606
-342
+102
+384
+445
+376
+318
+493
+632
+811
+892
+653
+167
-513
-1183
-1552
-1545
-1073
-365
+431
+1085
+1501
+1445
+1124
+724
+243
-20
-94
+14
+5
-247
-354
-488
-706
-817
-658
-62
+463
+862
+1272
+1648
+1737
+1168
+422
-226
-759
-1204
-1501
-1185
-565
+9
+501
+897
+1318
+1526
+1315
+1017
+586
+210
-165
-580
-931
-974
-775
-559
-196
+182
+740
+1180
+1189
+1027
+844
+652
+283
-198
-403
-465
-569
-611
-560
-193
+136
+561
+1036
+1295
+1132
+698
+168
-283
-756
-1046
-925
-441
+109
+577
+901
+1037
+970
+679
+390
-2
-442
-751
-781
-633
-389
+37
+706
+1371
+1572
+1299
+722
+150
-606
-1284
-1458
-1070
-423
+194
+741
+1180
+1439
+1311
+924
+455
+18
-229
-508
-636
-507
-241
+120
+332
+469
+612
+539
+479
+524
+507
+466
+291
+80
-136
-409
-462
-284
-9
+313
+601
+684
+647
+414
-10
-235
-401
-269
-24
+238
+686
+908
+893
+696
+222
-94
-384
-609
-573
-499
-257
+89
+441
+770
+891
+942
+893
+616
+146
-198
-441
-646
-664
-417
+43
+374
+664
+849
+756
+611
+368
+109
-131
-342
-269
-185
-112
+44
+306
+624
+593
+308
+235
+143
-97
-255
-145
+191
+450
+462
+406
+280
+13
-250
-359
-342
-69
+271
+666
+956
+894
+748
+424
-46
-402
-658
-622
-393
-160
+214
+454
+603
+640
+460
+246
+24
-31
+71
+136
+84
+190
+276
+291
+135
+5
+98
+104
+69
+67
+70
+89
+50
+74
+171
+258
+371
+655
+815
+793
+561
+285
-49
-497
-872
-996
-777
-322
+199
+856
+1361
+1651
+1531
+1131
+698
+51
-625
-1018
-1094
-877
-558
-70
+468
+884
+1164
+1208
+1040
+694
+342
+33
-172
-254
-189
+109
+284
+344
+342
+427
+402
+175
+13
-60
+18
+57
+57
+319
+545
+688
+621
+350
+219
+36
-183
-282
-283
+15
+460
+669
+845
+823
+614
+331
-121
-411
-534
-482
-128
+272
+696
+949
+1011
+880
+433
-100
-454
-626
-548
-216
+346
+920
+1261
+1262
+1063
+581
-129
-750
-1008
-928
-555
+21
+695
+1171
+1375
+1355
+1051
+583
+127
-250
-486
-650
-632
-307
+34
+414
+792
+1144
+1306
+1092
+792
+414
+33
-374
-690
-751
-594
-340
-43
+345
+797
+1171
+1310
+1272
+1021
+619
+212
-185
-565
-785
-668
-346
-30
+315
+670
+924
+905
+700
+437
+70
-277
-530
-537
-346
-98
+255
+664
+877
+890
+764
+551
+190
-183
-332
-265
-138
+60
+315
+409
+408
+265
+106
+12
-47
+53
+271
+511
+642
+605
+446
+181
-248
-523
-578
-384
-54
+274
+654
+939
+977
+747
+435
+37
-323
-471
-481
-306
-67
+253
+547
+645
+588
+515
+374
+230
+128
+76
+64
+21
-20
+28
+39
+78
+194
+328
+429
+449
+426
+392
+204
-51
-147
-163
-132
-96
+90
+337
+413
+392
+351
+235
+120
-88
-168
-87
-69
+4
+166
+390
+553
+518
+453
+334
+177
+46
-103
-234
-207
-116
+0
+130
+193
+324
+382
+302
+164
+79
+87
+95
+93
+121
+160
+212
+236
+144
-35
-144
-117
-51
-6
+112
+376
+630
+668
+492
+305
+52
-278
-551
-703
-645
-435
-23
+539
+911
+1119
+1194
+960
+427
-264
-761
-964
-926
-661
-183
+309
+728
+886
+895
+761
+561
+328
+20
-241
-345
-382
-403
-365
-213
-43
+153
+362
+593
+757
+737
+661
+510
+221
-126
-401
-497
-475
-390
-86
+227
+490
+660
+778
+720
+519
+290
+147
-10
-274
-409
-345
-193
+13
+255
+464
+619
+617
+523
+357
+96
-105
-190
-143
-12
+117
+287
+433
+508
+481
+390
+280
+88
-82
-164
-151
-51
+84
+290
+496
+633
+680
+501
+304
+111
-157
-319
-360
-270
-80
+97
+325
+499
+477
+480
+395
+227
+13
-151
-192
-285
-287
-111
+107
+314
+517
+731
+823
+663
+395
+146
-144
-377
-513
-440
-247
+24
+330
+551
+668
+644
+521
+388
+167
-51
-233
-336
-245
-149
-31
+141
+356
+536
+498
+346
+245
+185
+53
-132
-184
-72
+23
+51
+83
+205
+247
+283
+254
+208
+172
+178
+201
+184
+167
+183
+200
+140
-13
-101
-149
-190
-166
-100
+115
+339
+574
+703
+742
+754
+557
+174
-217
-568
-671
-679
-519
-116
+286
+659
+905
+968
+810
+444
+69
-261
-503
-619
-513
-236
+116
+429
+641
+803
+784
+600
+298
-52
-333
-544
-590
-409
-111
+296
+564
+712
+749
+604
+384
+135
-61
-162
-226
-209
-116
+30
+158
+236
+286
+307
+262
+207
+186
+94
+10
-17
+20
+102
+72
+90
+207
+267
+268
+230
+159
+136
+102
+113
+94
-14
-26
+128
+277
+330
+346
+409
+408
+210
-40
-147
-212
-255
-236
-114
+96
+304
+442
+568
+623
+529
+331
+72
-149
-377
-432
-374
-239
+25
+340
+626
+701
+609
+400
+131
-123
-374
-455
-296
-26
+243
+449
+686
+844
+760
+470
+156
-111
-252
-364
-340
-166
+87
+330
+464
+564
+604
+589
+476
+289
+122
+3
-100
-158
-200
-113
+34
+204
+389
+560
+666
+633
+439
+265
+105
-54
-132
-150
-97
+26
+100
+173
+233
+337
+447
+398
+325
+249
+139
-14
-170
-223
-179
-110
+21
+141
+225
+340
+340
+307
+204
+105
+43
-48
-45
-11
+11
+18
+12
+90
+123
+114
+83
+25
+15
-9
-5
+70
+168
+277
+356
+333
+299
+175
+0
-92
-193
-237
-81
+71
+231
+319
+364
+468
+456
+309
+125
-26
-23
-27
-33
+53
+121
+203
+263
+178
+73
-25
+9
+125
+169
+227
+269
+318
+303
+180
+115
+67
+41
+21
+28
+81
+121
+178
+252
+287
+305
+290
+243
+223
+178
+106
+24
-24
+36
+89
+136
+234
+317
+380
+392
+348
+305
+243
+161
+91
-16
-29
-3
+46
+160
+295
+375
+406
+346
+265
+177
+69
+25
+45
+132
+219
+235
+239
+248
+245
+224
+181
+141
+173
+167
+124
+95
+90
+125
+146
+211
+214
+205
+165
+119
+92
+41
+54
+116
+197
+227
+207
+208
+245
+211
+112
+9
-32
-59
-108
-38
+117
+267
+336
+368
+379
+307
+134
-77
-212
-259
-208
-93
+112
+348
+475
+486
+398
+195
-14
-173
-248
-165
-94
+22
+191
+326
+399
+322
+191
+86
-51
-170
-240
-204
-83
+91
+257
+351
+376
+385
+325
+218
+23
-165
-298
-388
-364
-253
-88
+161
+365
+511
+566
+482
+347
+165
-58
-237
-324
-356
-326
-191
+52
+224
+296
+294
+301
+241
+97
-34
-95
-131
-123
-91
-19
+35
+41
+156
+262
+296
+211
+136
+93
+12
-90
-177
-159
-40
+43
+142
+224
+268
+228
+138
+86
+22
-73
-146
-91
-18
+11
+110
+198
+262
+262
+218
+184
+93
-2
-85
-162
-210
-226
-115
+65
+169
+281
+364
+439
+412
+300
+205
+125
+12
-86
-113
-36
+75
+191
+311
+444
+469
+421
+357
+260
+161
+31
-44
-50
-51
-48
-7
+47
+82
+118
+193
+307
+315
+235
+127
-28
-203
-321
-357
-322
-221
-76
+70
+186
+188
+152
+79
-47
-129
-197
-160
-56
+63
+181
+312
+380
+405
+386
+343
+246
+122
+1
-88
-144
-129
+2
+212
+352
+465
+609
+675
+551
+392
+214
+93
-88
-172
-90
+70
+194
+297
+405
+430
+363
+167
+13
-85
-181
-244
-250
-230
-212
-188
-94
-16
+86
+222
+321
+344
+370
+391
+334
+250
+202
+205
+192
+167
+225
+299
+295
+262
+258
+282
+315
+351
+449
+519
+501
+448
+328
+212
+57
-89
-142
-126
-44
+100
+278
+417
+481
+486
+451
+322
+127
-20
-144
-212
-214
-200
-129
-50
+22
+122
+165
+192
+192
+204
+217
+200
+160
+178
+183
+204
+230
+263
+297
+357
+354
+323
+257
+197
+147
+72
+9
-53
-118
-161
-143
-94
-18
+51
+76
+124
+159
+127
+69
+23
-19
+8
+7
+19
+31
+12
+61
+122
+193
+273
+354
+429
+516
+541
+495
+437
+398
+405
+407
+379
+367
+391
+425
+455
+432
+395
+370
+247
+144
+34
-21
-12
+30
+127
+253
+299
+262
+227
+161
+88
+62
+76
+176
+280
+393
+469
+503
+499
+411
+306
+176
+87
+92
+126
+218
+314
+380
+432
+407
+349
+265
+156
+79
+71
+138
+263
+406
+506
+599
+630
+583
+466
+306
+205
+104
+23
-37
-32
+18
+49
+70
+112
+131
+147
+110
+50
-18
-60
-55
-60
-53
+23
+153
+312
+463
+575
+662
+643
+540
+424
+277
+104
+1
-63
-44
+32
+114
+248
+402
+528
+580
+531
+457
+360
+235
+139
+131
+134
+165
+210
+246
+278
+243
+249
+233
+166
+92
+15
+2
+12
+48
+140
+267
+322
+352
+355
+337
+261
+187
+192
+223
+213
+218
+235
+231
+192
+116
+124
+146
+171
+214
+225
+263
+253
+231
+230
+180
+156
+147
+128
+140
+100
+88
+124
+119
+147
+119
+71
-12
-174
-298
-364
-372
-313
-186
-3
+143
+211
+199
+153
+71
+26
+17
+29
+94
+192
+332
+408
+420
+446
+453
+407
+331
+251
+198
+146
+100
+103
+145
+205
+245
+271
+330
+346
+307
+250
+205
+245
+253
+208
+221
+279
+323
+240
+166
+85
+13
-113
-189
-195
-195
-147
-93
+38
+165
+229
+267
+289
+272
+200
+97
+30
+4
-14
-1
+19
+66
+129
+232
+342
+412
+437
+416
+340
+270
+165
+126
+117
+124
+159
+217
+281
+309
+300
+294
+280
+218
+166
+129
+124
+145
+131
+108
+134
+115
+122
+127
+120
+92
+14
+14
+23
+37
+151
+231
+339
+408
+399
+375
+320
+260
+234
+228
+234
+247
+280
+311
+339
+302
+246
+186
+96
+49
+37
+63
+150
+236
+325
+387
+395
+339
+256
+186
+133
+82
+57
+86
+135
+194
+204
+183
+126
+34
-7
-47
-54
-25
+63
+225
+313
+337
+328
+322
+262
+155
+58
-5
-26
-5
+83
+218
+318
+397
+462
+462
+374
+214
+35
-113
-179
-196
-150
-29
+98
+224
+306
+311
+272
+216
+149
+80
+6
-26
-30
-2
+7
+9
+2
-25
-18
-46
-29
+56
+107
+165
+165
+127
+131
+128
+131
+168
+192
+260
+300
+307
+313
+291
+266
+227
+207
+186
+197
+221
+235
+221
+179
+150
+127
+127
+107
+125
+182
+235
+292
+261
+228
+188
+119
+74
+14
-27
-33
-25
+36
+73
+82
+127
+175
+215
+223
+215
+236
+240
+189
+129
+88
+94
+98
+76
