+88
+95
+74
+44
+77
+79
+87
+88
+50
+21
+6
+4
-19
-84
-96
-90
-38
+2
+31
+20
+46
+71
+86
+38
+21
+5
+7
+48
+59
+62
+63
+127
+157
+132
+66
+9
+23
+9
-47
-19
-17
-2
-5
-76
-182
-128
-130
-67
+17
+91
+190
+282
+325
+235
+153
+64
-42
-163
-519
+198
+2179
-1100
-4069
-666
+5910
+3115
-4650
-2627
+5151
+4897
-4943
-5306
+3652
+6353
-2371
-6677
+634
+7835
+4165
-6467
-5778
+3464
+6290
-1346
-6845
+7
+7028
+5106
-4082
-5898
+678
+7199
+4908
-5832
-7976
+485
+8730
+5156
-6897
-7400
+1890
+9450
+5508
-6175
-7754
+538
+8934
+5235
-2138
-6013
-2149
+3473
+5525
+2489
-3672
-6112
-2009
+3604
+3058
-439
+1403
+4021
+2700
-2852
-7334
-6182
-2436
-2912
-2860
+1324
+11821
+19663
+15167
+962
-8310
-9229
-9715
-13005
-12611
-5108
+8187
+16173
+18209
+15803
+13644
+10987
+129
-10976
-15695
-13527
-6570
-2548
-2878
-1939
+1478
+6579
+8246
+6960
+5480
+7012
+7127
+4004
+474
-2334
-2635
-4511
-8845
-11028
-9833
-6521
-3336
-1244
+741
+3889
+7176
+9731
+11331
+10966
+6232
+174
-3921
-5378
-4707
-3531
-3528
-3771
-3404
-1932
-780
-23
-645
-603
-231
+952
+1426
+855
+153
-948
-1211
-1381
-1489
-347
+584
+1327
+1649
+1192
+735
+341
-281
-848
-1193
-1842
-2435
-2854
-3046
-2115
-759
+129
+524
+607
+995
+1724
+2019
+1089
-523
-1588
-1827
-967
+356
+681
+138
-36
+98
+277
-186
-1127
-1199
-320
+349
+624
+689
+655
+324
-612
-1314
-1075
-642
-1039
-1524
-1651
-1501
-1160
-935
-252
+1169
+2706
+3598
+3853
+4114
+3653
+1702
-1006
-2980
-3820
-4623
-5305
-4684
-2860
-1379
-650
+313
+2082
+3708
+4231
+3518
+2994
+3274
+3146
+1873
+158
-888
-1292
-2332
-3933
-4522
-3703
-2433
-1725
-1239
-106
+1695
+2809
+2580
+2078
+1912
+2007
+1812
+1057
+23
-1224
-1792
-1644
-1317
-1398
-1406
-315
+1423
+2338
+1777
+663
+47
-113
-775
-2378
-3456
-2872
-1480
-345
+560
+1841
+3363
+4365
+4185
+3207
+2022
+308
-1467
-2908
-3539
-3283
-2757
-1850
-263
+1712
+2597
+2241
+1659
+1637
+1233
-137
-1601
-1900
-1437
-1222
-812
+190
+1060
+855
+344
+867
+1671
+1310
-9
-459
-198
-570
-1435
-1687
-982
+8
+474
+723
+1215
+1496
+1174
+240
-591
-879
-926
-693
-101
+531
+914
+730
+366
+362
+461
+269
-139
-383
-153
+300
+265
+33
-316
-622
-925
-1093
-829
-480
-97
+144
+360
+722
+1048
+1144
+865
+341
-82
-276
-301
-360
-483
-704
-791
-369
+352
+912
+1307
+1308
+835
-112
-1064
-1508
-1520
-1195
-557
+381
+1292
+1878
+1947
+1494
+761
+99
-180
-155
-111
-302
-566
-598
-636
-771
-833
-483
+230
+586
+459
+50
-290
-198
+145
+497
+679
+893
+1536
+2087
+1838
+713
-482
-1408
-1833
-1806
-1517
-1304
-1054
-578
+186
+804
+1060
+1187
+1335
+1535
+1551
+1196
+527
-90
-475
-825
-1156
-1303
-861
-65
+372
+427
+344
+563
+668
+174
-329
-530
-362
-259
-163
+263
+849
+1070
+775
+775
+1261
+1352
+620
-236
-306
-9
-321
-1088
-1352
-917
-374
-186
-205
-68
+381
+822
+1050
+1037
+927
+898
+1067
+1216
+1004
+364
-187
-280
-325
-628
-932
-830
-307
+21
+15
+135
+462
+691
+477
+153
+498
+1029
+854
+268
+57
+407
+475
-108
-445
-41
+465
+557
+358
+316
+534
+727
+509
+177
+60
+56
-88
-456
-671
-570
-282
+125
+575
+954
+1004
+922
+789
+687
+384
+63
-29
+23
+374
+746
+692
+351
-100
-314
-292
-415
-342
+66
+665
+1124
+1286
+1189
+1102
+794
+114
-501
-815
-764
-530
-345
+101
+632
+1175
+1376
+1214
+973
+623
+58
-450
-737
-716
-632
-338
+111
+551
+929
+983
+873
+804
+572
+242
-200
-445
-243
-6
+181
+384
+677
+952
+935
+749
+461
+234
-49
-319
-382
-295
-146
-95
-77
+14
+174
+405
+442
+457
+413
+362
+383
+310
+117
-194
-301
-37
+385
+724
+779
+720
+611
+456
+233
-111
-421
-480
-254
+7
+198
+478
+829
+891
+617
+306
+200
+264
+138
+123
+257
+477
+617
+663
+781
+677
+435
+156
-68
-288
-576
-587
-425
-187
-101
+16
+569
+1047
+1077
+823
+779
+1004
+836
+305
-43
-54
-95
-399
-620
-555
-256
+33
+182
+438
+896
+1246
+1265
+894
+496
+401
+212
-98
-377
-486
-338
-126
+54
+236
+439
+431
+295
+220
+223
+130
-223
-290
+104
+402
+353
+272
+644
+979
+704
+215
+174
+359
+232
+23
+46
+228
+225
+52
-60
+30
-38
-159
-78
+43
+326
+605
+596
+469
+310
+396
+634
+684
+311
-7
+152
+593
+661
+58
-340
-106
+295
+336
-99
-220
+377
+852
+738
+175
-52
+412
+660
+132
-436
-426
+81
+334
+49
-148
+249
+749
+856
+815
+792
+831
+708
+410
+156
-58
-282
-406
-346
-313
-266
-62
+157
+407
+527
+529
+558
+569
+564
+417
+100
-148
-243
-206
-151
-134
+55
+380
+618
+616
+554
+570
+585
+494
+63
-348
-393
-206
+23
+58
+89
+423
+770
+921
+680
+353
+178
+134
+56
-177
-338
-315
-212
-171
-118
-90
-14
+271
+578
+751
+755
+797
+905
+848
+611
+273
+0
-225
-372
-513
-589
-563
-409
-175
-75
+75
+656
+1304
+1459
+1147
+883
+1011
+906
+94
-818
-1041
-670
-443
-629
-625
-48
+688
+967
+589
+295
+570
+1076
+830
-51
-397
-2
+345
-99
-725
-619
+108
+451
+130
-151
+133
+668
+860
+569
+168
+44
+209
+403
+113
-343
-378
+77
+582
+699
+391
+110
+91
+124
+54
-129
-241
-157
+191
+672
+1087
+1001
+446
+74
-23
-202
-609
-773
-407
+69
+340
+584
+886
+921
+552
+118
-76
-149
-300
-283
+57
+416
+628
+661
+593
+558
+554
+373
+79
-309
-537
-405
-277
-198
-74
+117
+415
+658
+697
+605
+409
+120
-30
-119
-270
-326
-171
+71
+9
-197
-116
+376
+755
+614
+284
+193
+400
+295
-203
-627
-680
-428
-209
-125
+141
+625
+973
+953
+688
+472
+444
+346
-28
-462
-546
-213
+136
+216
+113
+112
+174
+137
-102
-378
-350
-42
+249
+316
+308
+500
+778
+725
+352
+90
+106
+282
+247
-45
-208
-230
-168
-249
-446
-423
-142
+191
+379
+451
+502
+565
+533
+383
+175
-37
-33
+196
+238
-71
-299
-248
-153
-353
-592
-396
-58
+23
-150
-125
+277
+569
+514
+354
+486
+789
+865
+480
-94
-372
-378
-509
-881
-948
-456
+151
+456
+444
+525
+757
+789
+558
+81
-312
-316
-104
+12
-23
-102
+20
+217
+246
+144
+37
+135
+306
+247
+101
-39
-30
+74
-42
-273
-355
-146
+179
+216
+70
+95
+307
+314
+145
+123
+243
+270
+103
+20
+152
+254
+95
-105
-54
+123
+102
-141
-192
+21
+236
+205
+81
+106
+134
+78
-127
-319
-247
-69
+113
+165
+135
+150
+222
+232
+78
-159
-127
+113
+245
+91
-70
+3
+79
-4
-170
-263
-62
+230
+401
+345
+150
+213
+382
+309
+28
-176
-46
+74
+13
-56
-12
+112
+157
+192
+280
+278
+201
+126
+192
+152
-148
-409
-426
-209
-44
-72
-2
+227
+455
+488
+351
+192
+70
-40
-47
+22
+36
+14
+42
+122
+181
+156
+20
-138
-222
-146
+5
+181
+264
+277
+303
+400
+385
+174
-21
-88
-77
-62
-21
+73
+89
+49
+10
-71
-105
-154
-151
+37
+182
+218
+225
+297
+412
+317
+56
-71
+38
+147
-53
-256
-190
+78
+267
+222
+126
+213
+409
+412
+220
+81
+67
+106
+74
-51
-65
+47
+146
+78
+4
+44
+115
+104
+45
+15
+89
+76
+43
+132
+236
+136
-1
+123
+326
+194
-126
-210
+49
+302
+262
+127
+193
+426
+467
+225
+3
-31
+42
-44
-147
-99
+31
+160
+202
+203
+150
+131
+155
+203
+236
+212
+166
+98
+79
+47
-105
-164
-103
-3
+65
+86
+124
+181
+240
+234
+83
-63
-1
+147
+168
+53
-37
+150
+395
+510
+481
+375
+318
+273
+185
-159
-390
-279
-58
-15
-205
-132
+248
+530
+396
+125
+139
+335
+397
+246
-31
-119
-43
+83
+197
+126
+2
+8
+149
+164
-44
-98
+113
+331
+302
+33
-17
+205
+398
+354
+157
+69
+180
+298
+239
+53
-159
-233
-122
+53
+109
+54
+178
+426
+510
+304
+56
+19
+128
+21
-258
-396
-256
+33
+161
+79
+66
+289
+586
+652
+388
+100
+52
+136
-14
-277
-369
-164
+32
-24
-92
+60
+332
+391
+241
+166
+247
+362
+345
+290
+237
+175
+65
+6
-65
-228
-378
-355
-243
-215
-157
-9
+141
+223
+269
+291
+307
+277
+293
+292
+130
-144
-218
-135
-197
-416
-457
-154
+326
+499
+379
+241
+302
+416
+260
-159
-469
-382
-27
+144
+91
+7
+227
+460
+411
+154
-73
-56
-64
-173
-221
-161
-82
-3
+81
+199
+290
+314
+383
+362
+149
+2
-27
-60
-135
-240
-216
-13
+14
-49
+66
+300
+397
+269
+49
+18
+49
+6
+28
+73
+84
+132
+319
+421
+346
+91
-173
-123
+199
+151
-109
-183
-325
-289
-69
+122
+21
-236
-204
+120
+407
+557
+722
+781
+819
+924
+516
+82
+132
-103
-477
-394
-510
-929
-674
-118
+37
+368
+564
+319
+303
+396
+113
-51
+144
+148
+281
+548
+460
+330
+170
-231
-430
-259
-205
-327
-238
-46
+20
+139
+174
+100
+267
+394
+315
+314
+322
+275
+261
+28
-265
-178
-8
-128
-266
-151
+101
+390
+451
+263
+237
+524
+715
+509
+152
-19
+17
+90
+145
+149
+105
+9
-216
-337
-228
-24
+74
+54
+85
+217
+289
+309
+374
+383
+261
+16
-201
-340
-282
-31
+113
+215
+235
+66
-93
-89
+7
+109
+176
+215
+238
+262
+109
-70
-20
+178
+255
+266
+289
+255
+170
+87
+71
+118
+110
+45
+98
+168
+253
+261
+118
+52
+129
+248
+257
+206
+211
+273
+375
+362
+275
+233
+337
+437
+399
+286
+157
+60
-49
-100
-42
+56
+21
+8
+85
+268
+497
+605
+617
+628
+729
+767
+594
+212
-59
-92
-35
-46
-96
-84
-5
+45
+59
+72
+48
+90
+159
+212
+188
+90
+142
+274
+265
+146
+61
+195
+330
+218
+97
+230
+409
+432
+305
+194
+180
+131
+75
+78
+65
+29
+67
+234
+430
+482
+303
+158
+216
+281
+233
+145
+162
+289
+442
+376
+141
+67
+241
+573
+636
+412
+352
+561
+721
+537
+193
+103
+242
+295
+149
+23
+79
+166
+102
-85
-192
-202
-259
-262
-171
-1
+224
+372
+424
+444
+479
+516
+414
+263
+188
+148
+34
-107
-124
-35
+65
+156
+167
+212
+284
+353
+431
+455
+439
+360
+338
+375
+428
+463
+449
+410
+368
+372
+398
+339
+180
+33
+45
+164
+225
+281
+335
+404
+493
+481
+403
+246
+78
+60
+53
-2
-49
+37
+179
+224
+197
+137
+169
+251
+338
+465
+560
+650
+703
+702
+595
+419
+306
+315
+302
+252
+219
+368
+537
+575
+464
+356
+368
+432
+380
+236
+179
+226
+316
+291
+195
+209
+320
+494
+507
+354
+332
+475
+583
+392
+103
+35
+139
+233
+184
+133
+219
+353
+441
+423
+330
+363
+467
+560
+595
+504
+408
+410
+462
+330
+131
+118
+237
+312
+259
+224
+328
+402
+383
+357
+407
+545
+606
+598
+579
+558
+474
+342
+246
+192
+127
+16
+64
+209
+289
+300
+305
+369
+408
+444
+552
+658
+708
+737
+735
+759
+725
+586
+485
+479
+546
+525
+390
+321
+416
+489
+453
+478
+580
+653
+583
+498
+492
+462
+312
+179
+225
+423
+529
+441
+421
+608
+691
+551
+367
+350
+477
+498
+326
+126
+81
+196
+288
+297
+299
+395
+539
+689
+724
+602
+452
+392
+397
+357
+236
+147
+224
+369
+398
+289
+196
+288
+404
+345
+243
+282
+452
+567
+520
+408
+408
+447
+411
+300
+182
+140
+161
+135
+14
-46
+30
+224
+313
+245
+227
+341
+467
+414
+254
+188
+268
+327
+256
+200
+294
+392
+365
+328
+392
+404
+311
+255
+268
+303
+307
+333
+416
+447
+461
+441
+427
+417
+310
+188
+139
+256
+379
+433
+390
+387
+560
+713
+654
+514
+504
+545
+498
+288
+67
+21
+59
+89
+81
+97
+207
+348
+449
+435
+352
+317
+398
+454
+375
+248
+181
+178
+121
+67
+42
+42
+82
+159
+292
+376
+438
+514
+537
+476
+378
+283
+245
+202
+14
-107
-55
+99
+199
+157
+187
+333
+440
+405
+284
+151
+150
+266
+227
+79
+17
+200
+410
+409
+250
+213
+298
+357
+250
+106
+19
-10
+0
+63
+78
+89
+110
+216
+363
+414
+393
+384
+392
+319
+155
+53
+56
+112
+117
+169
+297
+450
+539
+589
+577
+524
+378
+227
+197
+191
+62
-70
-67
+67
+163
+132
+155
+273
+360
+332
+287
+310
+367
+304
+180
+105
+62
+35
+2
+8
+45
+111
+155
+188
+213
+218
+223
+179
+167
+216
+238
+306
+298
+183
+168
+93
+40
-4
-162
-161
-64
+81
+282
+287
+275
+319
+414
+295
+16
-59
+1
-46
-256
-421
-424
-402
-574
-699
-597
-366
-101
-5
+9
+112
+216
+145
-52
-249
-369
-398
-355
-283
-169
+71
+285
+345
+283
+258
+334
+294
+199
+136
+248
+477
+453
+327
+331
+402
+484
+347
+133
+54
+92
+135
+60
+21
+121
+345
+481
+423
+329
+283
+263
+107
-168
-330
-365
-386
-526
-631
-635
-608
-614
-627
-575
-428
-202
+4
+84
+119
+160
+193
+170
+88
-53
-135
-85
-21
-25
-21
+19
+135
+239
+296
+336
+362
+332
+325
+322
+231
+100
+41
+65
+117
+164
+172
+234
+351
+348
+301
+230
+164
+167
+186
+144
+67
-62
-195
-278
-392
-597
-786
-834
-800
-727
-617
-421
-150
+56
+166
+274
+455
+602
+527
+367
+278
+259
+172
-23
-214
-240
-190
-231
-311
-305
-165
-28
-51
-128
-68
+81
+209
+206
+139
+132
+160
+172
+166
+128
+95
+77
+84
+109
+71
+9
-34
-44
+12
+53
+25
+32
+94
+139
+124
+74
+86
+139
+142
+87
-15
-95
-159
-212
-226
-234
-198
-258
-311
-286
-263
-315
-384
-387
-337
-257
-220
-204
-179
-82
+79
+161
+165
+140
+116
+110
+26
-124
-271
-355
-359
-340
-351
-389
-361
-308
-289
-296
-276
-126
+99
+304
+397
+433
+569
+704
+664
+449
+299
+267
+288
+201
+43
-57
-70
-110
-256
-400
-405
-374
-395
-468
-465
-328
-163
-32
+76
+196
+308
+384
+444
+402
+310
+189
+105
+78
+27
-65
-194
-278
-301
-324
-335
-344
-366
-345
-292
-246
-235
-218
-169
-77
-23
+4
+72
+89
+53
+9
-23
-86
-182
-251
-298
-316
-313
-277
-282
-277
-238
-219
-174
-168
-125
-40
+1
+12
+31
+78
+115
+97
+41
-11
-35
-59
-81
-34
+6
+22
+79
+120
+131
+129
+122
+113
+87
+11
+12
+63
+74
+29
-9
+41
+144
+156
+42
-59
-108
-121
-131
-230
-307
-308
-315
-359
-441
-454
-363
-247
-148
-67
+33
+193
+308
+324
+344
+347
+299
+225
+136
+42
-59
-211
-282
-248
-224
-236
-240
-185
-105
-53
+57
+174
+282
+350
+400
+452
+464
+432
+399
+330
+201
+118
+71
-2
-100
-233
-274
-263
-274
-254
